	48	48	49	49	49	50
	51	51	51	51	51	51
	52	52	52	52	52	52
	53	53	53	53	53	53
	54	54	54	54	54	54
	50	50	50	50	50	50
	49	49	55	48	48	48
	51	51	51	51	51
	52	52	52	52
	48	48	50	50	50	50
	51	51	51	51	51	51
	50	50	50	50	50	50
	48	48	52	52	52	52
	48	48	48	51	51	51
	53	53	53	53	53	53
	52	52	52	52	52	52
	50	50	50	50	50	50
	51	51	51	51	51	51
	54	54	54	54	54
	52	52	52	52	52	52
	49	49	50	50	50	50
	51	51	51	51	51	51
	50	50	50	50	50	50
	52	52	52	52	52	52
	51	51	51	51	51	51
	48	48	48	50	50	50
	52	52	52	52	52	52
	51	51	51	51	51	51
	50	50	50	50	50	50
	52	52	52	52	52
	51	51	51	51	51	51
	50	50	50	50	50	50
	53	53	53	53	53	53
	51	51	51	51	51	51
	52	52	52	52	52	52
	50	50	50	50	50	50
	51	51	51	51	51	51
	52	52	52	52	52	52
	50	50	50	50	50	50
	54	54	54	54	54	54
	55	49	49	48	48	53
	53	53	53	53	53	53
	51	51	51	51	51	51
	52	52	52	52	52	52
	50	50	50	50	50	50
	54	54	54	54	54	54
	51	51	51	51	51	51
	52	52	52	52	52	52
	50	50	50	50	50	50
	53	53	53	53	53	53
	51	51	51	51	51	51
	52	52	52	52	52	52
	50	50	50	50	50	50
	51	51	51	51	51	51
	52	52	52	52	52	52
	50	50	50	50	50	50
	54	54	54	54	54	54
	51	51	51	51	51	51
	52	52	52	52	52	52
	50	50	50	50	50	50
	49	49	48	48	48	51
	52	52	52	52	52	52
	51	51	51	51	51
	50	50	50	50	50	50
	52	52	52	52	52	52
	50	50	50	50	50	50
	51	51	51	51	51	51
	52	52	52	52	52	52
	53	53	53	53	53	53
	50	50	50	50	50	50
	51	51	51	51	51	51
	52	52	52	52	52	52
	50	50	50	50	50	50
	51	51	52	52	52	52
	51	51	50	50	54	54
	52	52	52	52	52	52
	52	53	53	53	53	53
	52	54	54	54	54	54
	52	53	53	53	53	53
	52	54	54	54	54	54
	55	48	48	49	49	49
	49	49	55	51	51	51
	50	50	50	50	50
	48	48	51	51	51	51
	49	49	55	52	52	52
	48	48	53	53	53	53
	51	51	51	51	51	51
	49	49	52	52	52	52
	50	50	50	54	54	54
	48	48	55	49	49	49
	52	52	52	52	52	52
	51	51	51	51	51	51
	48	48	50	50	50	49
	49	53	53	53	53	53
	52	52	52	52	52	52
	55	54	54	54	54	54
	55	53	53	53	53	53
	54	54	54	54	54	54
	53	53	53	53	53	53
	54	54	54	54	54	54
	53	53	53	53	53	53
	54	54	54	54	54	54
	53	53	53	53	53	53
	54	54	54	54	54	54
	53	53	53	53	53	53
	54	54	54	54	54	54
	53	53	53	53	53	53
	54	54	54	54	54	54
	53	53	53	53	53	53
	54	54	54	54	54	54
	53	53	53	53	53	53
	54	54	54	54	54	54
	53	53	53	53	53	53
	54	54	54	54	54	54
	53	53	53	53	53	53
	54	54	54	54	54	54
	53	53	53	53	53	53
	54	54	54	54	54	54
	53	53	53	53	53	53
	54	54	54	54	54	54
	53	53	53	53	53	53
	54	54	54	54	54	54
	53	53	53	53	53	53
	54	54	54	54	54	54
	53	53	53	53	53	53
	54	54	54	54	54
	53	53	53	53	53
	54	54	54	54	54	54
	53	53	53	53	53	53
	54	54	54	54	54	54
	53	53	53	53	53	53
	54	54	54	54	54	54
	53	53	53	53	53	53
	54	54	54	54	54	54
	53	53	53	53	53	53
	54	54	54	54	54	54
	53	53	53	53	53	53
	54	54	54	54	54	54
	53	53	53	53	53
	54	54	54	54	54	54
	54	54	54	54	54	54
	53	53	53	53	53	53
	54	54	54	54	54	54
	53	53	53	53	53	53
	54	54	54	54	54	54
	53	53	53	53	53	53
	54	54	54	54	54	54
	53	53	53	53	53	53
	54	54	54	54	54	54
	53	53	53	53	53	53
	54	54	54	54	54	54
	53	53	53	53	53	53
	54	54	54	54	54	54
	53	53	53	53	53	53
	54	54	54	54	54	54
	53	53	53	53	53	53
	54	54	54	54	54	54
	53	53	53	53	53	53
	54	54	54	54	54	54
	53	53	53	53	53	53
	54	54	54	54	54	54
	53	53	53	53	53	53
	54	54	54	54	54	54
	53	53	53	53	53	53
	54	54	54	54	54	54
	53	53	53	53	53	53
	54	54	54	54	54	54
	53	53	53	53	53	53
	54	54	54	54	54	54
	53	53	53	53	53	53
	54	54	54	54	54	54
	53	53	53	53	53	53
	54	54	54	54	54	54
	53	53	53	53	53	53
	54	54	54	54	54	54
	53	53	53	53	53	53
	54	54	54	54	54	54
	53	53	53	53	53	53
	54	54	54	54	54	54
	53	53	53	53	53	53
	54	54	54	54	54	54
	53	53	53	53	53	53
	54	54	54	54	54	54
	53	53	53	53	53	53
	54	54	54	54	54	54
	53	53	53	53	53	53
	54	54	54	54	54	54
	53	53	53	53	53	53
	54	54	54	54	54	54
	53	53	53	53	53	53
	54	54	54	54	54
	53	53	53	53	53
	54	54	54	54	54	54
	53	53	53	53	53	53
	54	54	54	54	54	54
	53	53	53	53	53	53
	54	54	54	54	54	54
	53	53	53	53	53	53
	54	54	54	54	54	54
	53	53	53	53	53
	54	54	54	54	54	54
	53	53	53	53	53	53
	54	54	54	54	54	54
	53	53	53	53	53	53
	54	54	54	54	54	54
	53	53	53	53	53
	54	54	54	54	54	54
	53	53	53	53	53	53
	54	54	54	54	54	54
	53	53	53	53	53	53
	54	54	54	54	54	54
	53	53	53	53	53	53
	54	54	54	54	54	54
	53	53	53	53	53	53
	54	54	54	54	54	54
	53	53	53	53	53	53
	54	54	54	54	54	54
	53	53	53	53	53	53
	54	54	54	54	54	54
	53	53	53	53	53	53
	54	54	54	54	54	54
	53	53	53	53	53	53
	54	54	54	54	54	54
	53	53	53	53	53	53
	54	54	54	54	54	54
	53	53	53	53	53	53
	54	54	54	54	54	54
	53	53	53	53	53	53
	54	54	54	54	54	54
	53	53	53	53	53
	54	54	54	54	54	54
	54	54	54	54	54	54
	53	53	53	53	53	53
	54	54	54	54	54	54
	53	53	53	53	53	53
	54	54	54	54	54	54
	53	53	53	53	53	53
	54	54	54	54	54	54
	53	53	53	53	53	53
	54	54	54	54	54	54
	53	53	53	53	53	53
	54	54	54	54	54	54
	53	53	53	53	53	53
	54	54	54	54	54	54
	53	53	53	53	53	53
	54	54	54	54	54	54
	53	53	53	53	53
	54	54	54	54	54	54
	53	53	53	53	53	53
	54	54	54	54	54	54
	53	53	53	53	53	53
	54	54	54	54	54	54
	53	53	53	53	53	53
	54	54	54	54	54	54
	53	53	53	53	53	53
	54	54	54	54	54	54
	53	53	53	53	53	53
	54	54	54	54	54
	53	53	53	53	53
	54	54	54	54	54	54
	53	53	53	53	53	53
	54	54	54	54	54	54
	53	53	53	53	53	53
	54	54	54	54	54	54
	53	53	53	53	53	53
	54	54	54	54	54	54
	53	53	53	53	53	53
	54	54	54	54	54	54
	53	53	53	53	53	53
	54	54	54	54	54	54
	53	53	53	53	53	53
	54	54	54	54	54	54
	53	53	53	53	53	53
	54	54	54	54	54	54
	53	53	53	53	53	53
	54	54	54	54	54	54
	53	53	53	53	53	53
	54	54	54	54	54	54
	53	53	53	53	53	53
	54	54	54	54	54	54
	53	53	53	53	53	53
	54	54	54	54	54	54
	53	53	53	53	53	53
	54	54	54	54	54	54
	53	53	53	53	53	53
	54	54	54	54	54	54
	53	53	53	53	53	53
	54	54	54	54	54	54
	53	53	53	53	53	53
	54	54	54	54	54	54
	53	53	53	53	53	53
	54	54	54	54	54	54
	53	53	53	53	53	53
	54	54	54	54	54	54
	53	53	53	53	53	53
	54	54	54	54	54	54
	53	53	53	53	53	53
	54	54	54	54	54	54
	53	53	53	53	53	53
	54	54	54	54	54	54
	53	53	53	53	53	53
	54	54	54	54	54	54
	53	53	53	53	53	53
	54	54	54	54	54	54
	53	53	53	53	53	53
	54	54	54	54	54	54
	53	53	53	53	53	53
	54	54	54	54	54	54
	53	53	53	53	53	53
	54	54	54	54	54	54
	53	53	53	53	53	53
	54	54	54	54	54	54
	53	53	53	53	53	53
	54	54	54	54	54	54
	53	53	53	53	53	53
	54	54	54	54	54	54
	53	53	53	53	53	53
	54	54	54	54	54	54
	53	53	53	53	53	53
	54	54	54	54	54	54
	53	53	53	53	53	53
	54	54	54	54	54	54
	53	53	53	53	53
	54	54	54	54	54	54
	54	54	54	54	54	54
	53	53	53	53	53	53
	54	54	54	54	54	54
	53	53	53	53	53	53
	54	54	54	54	54	54
	53	53	53	53	53	53
	54	54	54	54	54	54
	53	53	53	53	53	53
	54	54	54	54	54	54
	53	53	53	53	53	53
	54	54	54	54	54
	53	53	53	53	53	53
	54	54	54	54	54	54
	53	53	53	53	53	53
	54	54	54	54	54	54
	53	53	53	53	53	53
	54	54	54	54	54	54
	53	53	53	53	53	53
	54	54	54	54	54	54
	53	53	53	53	53	53
	54	54	54	54	54	54
	53	53	53	53	53	53
	54	54	54	54	54	54
	53	53	53	53	53	53
	54	54	54	54	54	54
	53	53	53	53	53
	54	54	54	54	54	54
	53	53	53	53	53
	54	54	54	54	54	54
	53	53	53	53	53	53
	54	54	54	54	54	54
	53	53	53	53	53	53
	54	54	54	54	54	54
	53	53	53	53	53	53
	54	54	54	54	54	54
	53	53	53	53	53	53
	54	54	54	54	54	54
	53	53	53	53	53
	54	54	54	54	54
	53	53	53	53	53	53
	54	54	54	54	54	54
	53	53	53	53	53	53
	54	54	54	54	54	54
	53	53	53	53	53	53
	54	54	54	54	54	54
	53	53	53	53	53	53
	54	54	54	54	54	54
	53	53	53	53	53	53
	54	54	54	54	54	54
	53	53	53	53	53	53
	54	54	54	54	54
	53	53	53	53	53
	54	54	54	54	54	54
	53	53	53	53	53	53
	54	54	54	54	54	54
	53	53	53	53	53	53
	54	54	54	54	54	54
	53	53	53	53	53	53
	54	54	54	54	54	54
	53	53	53	53	53	53
	54	54	54	54	54	54
	53	53	53	53	53	53
	54	54	54	54	54	54
	53	53	53	53	53	53
	54	54	54	54	54	54
	53	53	53	53	53	53
	54	54	54	54	54	54
	53	53	53	53	53	53
	54	54	54	54	54	54
	53	53	53	53	53	53
	54	54	54	54	54	54
	53	53	53	53	53	53
	54	54	54	54	54	54
	53	53	53	53	53	53
	54	54	54	54	54	54
	53	53	53	53	53	53
	54	54	54	54	54	54
	53	53	53	53	53	53
	54	54	54	54	54	54
	53	53	53	53	53	53
	54	54	54	54	54	54
	53	53	53	53	53	53
	54	54	54	54	54	54
	53	53	53	53	53	53
	54	54	54	54	54	54
	53	53	53	53	53	53
	54	54	54	54	54	54
	53	53	53	53	53	53
	54	54	54	54	54	54
	53	53	53	53	53	53
	54	54	54	54	54	54
	53	53	53	53	53	53
	54	54	54	54	54	54
	53	53	53	53	53	53
	54	54	54	54	54	54
	53	53	53	53	53	53
	54	54	54	54	54	54
	53	53	53	53	53	53
	54	54	54	54	54	54
	53	53	53	53	53	53
	54	54	54	54	54	54
	53	53	53	53	53	53
	54	54	54	54	54	54
	53	53	53	53	53	53
	54	54	54	54	54	54
	53	53	53	53	53	53
	54	54	54	54	54	54
	53	53	53	53	53	53
	54	54	54	54	54	54
	53	53	53	53	53	53
	54	54	54	54	54	54
	53	53	53	53	53	53
	54	54	54	54	54	54
	53	53	53	53	53	53
	54	54	54	54	54
	53	53	53	53	53	53
	54	54	54	54	54	54
	53	53	53	53	53	53
	54	54	54	54	54	54
	53	53	53	53	53	53
	54	54	54	54	54	54
	53	53	53	53	53	53
	54	54	54	54	54	54
	53	53	53	53	53	53
	54	54	54	54	54	54
	53	53	53	53	53	53
	54	54	54	54	54	54
	53	53	53	53	53	53
	54	54	54	54	54	54
	53	53	53	53	53	53
	54	54	54	54	54
	53	53	53	53	53	53
	54	54	54	54	54
	53	53	53	53	53	53
	54	54	54	54	54	54
	53	53	53	53	53	53
	54	54	54	54	54	54
	53	53	53	53	53	53
	54	54	54	54	54	54
	53	53	53	53	53	53
	54	54	54	54	54	54
	53	53	53	53	53	53
	54	54	54	54	54	54
	53	53	53	53	53	53
	54	54	54	54	54
	53	53	53	53	53	53
	53	53	53	53	53	53
	54	54	54	54	54	54
	53	53	53	53	53	53
	54	54	54	54	54	54
	53	53	53	53	53	53
	54	54	54	54	54	54
	53	53	53	53	53	53
	54	54	54	54	54	54
	53	53	53	53	53	53
	54	54	54	54	54	54
	53	53	53	53	53	53
	54	54	54	54	54	54
	53	53	53	53	53	53
	54	54	54	54	54	54
	53	53	53	53	53	53
	54	54	54	54	54	54
	53	53	53	53	53	53
	54	54	54	54	54	54
	53	53	53	53	53	53
	54	54	54	54	54	54
	53	53	53	53	53	53
	54	54	54	54	54	54
	53	53	53	53	53
	54	54	54	54	54	54
	54	54	54	54	54	54
	53	53	53	53	53	53
	54	54	54	54	54	54
	53	53	53	53	53	53
	54	54	54	54	54	54
	53	53	53	53	53	53
	54	54	54	54	54	54
	53	53	53	53	53	53
	54	54	54	54	54	54
	53	53	53	53	53	53
	54	54	54	54	54	54
	53	53	53	53	53	53
	54	54	54	54	54	54
	53	53	53	53	53	53
	54	54	54	54	54	54
	53	53	53	53	53	53
	54	54	54	54	54	54
	53	53	53	53	53	53
	54	54	54	54	54	54
	53	53	53	53	53	53
	54	54	54	54	54	54
	53	53	53	53	53	53
	54	54	54	54	54	54
	53	53	53	53	53
	54	54	54	54	54	54
	54	54	54	54	54	54
	53	53	53	53	53	53
	54	54	54	54	54	54
	53	53	53	53	53	53
	54	54	54	54	54	54
	53	53	53	53	53	53
	54	54	54	54	54	54
	53	53	53	53	53	53
	54	54	54	54	54	54
	53	53	53	53	53	53
	54	54	54	54	54	54
	53	53	53	53	53	53
	54	54	54	54	54	54
	53	53	53	53	53	53
	54	54	54	54	54	54
	53	53	53	53	53	53
	54	54	54	54	54	54
	53	53	53	53	53	53
	54	54	54	54	54	54
	53	53	53	53	53	53
	54	54	54	54	54	54
	53	53	53	53	53
	54	54	54	54	54	54
	53	53	53	53	53	53
	54	54	54	54	54	54
	53	53	53	53	53	53
	54	54	54	54	54	54
	53	53	53	53	53	53
	54	54	54	54	54	54
	53	53	53	53	53	53
	54	54	54	54	54	54
	53	53	53	53	53	53
	54	54	54	54	54	54
	53	53	53	53	53	53
	54	54	54	54	54	54
	53	53	53	53	53	53
	54	54	54	54	54	54
	53	53	53	53	53	53
	54	54	54	54	54	54
	53	53	53	53	53	53
	54	54	54	54	54	54
	53	53	53	53	53	53
	54	54	54	54	54	54
	53	53	53	53	53	53
	54	54	54	54	54	54
	53	53	53	53	53	53
	54	54	54	54	54	54
	53	53	53	53	53	53
	54	54	54	54	54	54
	53	53	53	53	53	53
	54	54	54	54	54	54
	53	53	53	53	53
	54	54	54	54	54
	53	53	53	53	53
	54	54	54	54	54
	53	53	53	53	53
	54	54	54	54
	53	53	53	53	53	53
	54	54	54	54	54	54
	53	53	53	53	53	53
	54	54	54	54	54	54
	53	53	53	53	53	53
	54	54	54	54	54	54
	53	53	53	53	53	53
	54	54	54	54	54	54
	53	53	53	53	53	53
	54	54	54	54	54	54
	53	53	53	53	53	53
	54	54	54	54	54	54
	53	53	53	53	53	53
	54	54	54	54	54	54
	53	53	53	53	53	53
	54	54	54	54	54	54
	53	53	53	53	53	53
	54	54	54	54	54
	53	53	53	53	53
	54	54	54	54	54	54
	53	53	53	53	53	53
	54	54	54	54	54	54
	53	53	53	53	53	53
	54	54	54	54	54	54
	53	53	53	53	53	53
	54	54	54	54	54	54
	53	53	53	53	53	53
	54	54	54	54	54	54
	53	53	53	53	53	53
	54	54	54	54	54	54
	53	53	53	53	53	53
	54	54	54	54	54	54
	53	53	53	53	53	53
	54	54	54	54	54	54
	53	53	53	53	53	53
	54	54	54	54	54	54
	53	53	53	53	53	53
	54	54	54	54	54
	53	53	53	53	53
	54	54	54	54	54	54
	53	53	53	53	53	53
	54	54	54	54	54	54
	53	53	53	53	53	53
	54	54	54	54	54	54
	53	53	53	53	53	53
	54	54	54	54	54	54
	53	53	53	53	53	53
	54	54	54	54	54	54
	53	53	53	53	53	53
	54	54	54	54	54	54
	53	53	53	53	53	53
	54	54	54	54	54	54
	53	53	53	53	53	53
	54	54	54	54	54	54
	53	53	53	53	53	53
	54	54	54	54	54	54
	53	53	53	53	53	53
	54	54	54	54	54	54
	53	53	53	53	53	53
	54	54	54	54	54	54
	53	53	53	53	53	53
	54	54	54	54	54	54
	53	53	53	53	53	53
	54	54	54	54	54	54
	53	53	53	53	53	53
	54	54	54	54	54	54
	53	53	53	53	53	53
	54	54	54	54	54	54
	53	53	53	53	53	53
	54	54	54	54	54	54
	53	53	53	53	53	53
	54	54	54	54	54
	53	53	53	53	53
	54	54	54	54	54	54
	53	53	53	53	53	53
	54	54	54	54	54	54
	53	53	53	53	53
	54	54	54	54	54	54
	53	53	53	53	53	53
	54	54	54	54	54	54
	53	53	53	53	53	53
	54	54	54	54	54	54
	53	53	53	53	53	53
	54	54	54	54	54	54
	53	53	53	53	53	53
	54	54	54	54	54	54
	53	53	53	53	53	53
	54	54	54	54	54	54
	53	53	53	53	53	53
	54	54	54	54	54	54
	53	53	53	53	53	53
	54	54	54	54	54
	53	53	53	53	53
	54	54	54	54	54	54
	53	53	53	53	53	53
	54	54	54	54	54	54
	53	53	53	53	53	53
	54	54	54	54	54	54
	53	53	53	53	53	53
	54	54	54	54	54	54
	53	53	53	53	53	53
	54	54	54	54	54	54
	53	53	53	53	53	53
	54	54	54	54	54	54
	53	53	53	53	53
	54	54	54	54	54	54
	53	53	53	53	53	53
	54	54	54	54	54	54
	53	53	53	53	53	53
	54	54	54	54	54	54
	53	53	53	53	53	53
	54	54	54	54	54	54
	53	53	53	53	53	53
	54	54	54	54	54	54
	53	53	53	53	53	53
	54	54	54	54	54	54
	53	53	53	53	53	53
	54	54	54	54	54	54
	53	53	53	53	53	53
	54	54	54	54	54	54
	53	53	53	53	53	53
	54	54	54	54	54	54
	53	53	53	53	53	53
	54	54	54	54	54	54
	53	53	53	53	53	53
	54	54	54	54	54	54
	53	53	53	53	53	53
	54	54	54	54	54	54
	53	53	53	53	53	53
	54	54	54	54	54	54
	53	53	53	53	53	53
	54	54	54	54	54	54
	53	53	53	53	53	53
	54	54	54	54	54	54
	53	53	53	53	53	53
	54	54	54	54	54	54
	53	53	53	53	53	53
	54	54	54	54	54	54
	53	53	53	53	53	53
	54	54	54	54	54	54
	53	53	53	53	53	53
	54	54	54	54	54	54
	53	53	53	53	53	53
	54	54	54	54	54	54
	53	53	53	53	53	53
	54	54	54	54	54	54
	53	53	53	53	53	53
	54	54	54	54	54	54
	53	53	53	53	53	53
	54	54	54	54	54	54
	53	53	53	53	53	53
	54	54	54	54	54	54
	53	53	53	53	53	53
	54	54	54	54	54	54
	53	53	53	53	53	53
	54	54	54	54	54	54
	53	53	53	53	53	53
	54	54	54	54	54	54
	53	53	53	53	53	53
	54	54	54	54	54
	53	53	53	53	53	53
	53	53	53	53	53	53
	54	54	54	54	54	54
	53	53	53	53	53	53
	54	54	54	54	54	54
	53	53	53	53	53	53
	54	54	54	54	54	54
	53	53	53	53	53	53
	54	54	54	54	54
	53	53	53	53	53	53
	54	54	54	54	54	54
	53	53	53	53	53	53
	54	54	54	54	54
	53	53	53	53	53
	54	54	54	54	54	54
	53	53	53	53	53	53
	54	54	54	54	54	54
	53	53	53	53	53	53
	54	54	54	54	54	54
	53	53	53	53	53	53
	54	54	54	54	54	54
	53	53	53	53	53	53
	54	54	54	54	54	54
	53	53	53	53	53	53
	54	54	54	54	54	54
	53	53	53	53	53	53
	54	54	54	54	54	54
	53	53	53	53	53	53
	54	54	54	54	54
	53	53	53	53	53	53
	54	54	54	54	54	54
	53	53	53	53	53	53
	54	54	54	54	54	54
	53	53	53	53	53	53
	54	54	54	54	54	54
	53	53	53	53	53	53
	54	54	54	54	54	54
	53	53	53	53	53
	54	54	54	54	54	54
	53	53	53	53	53	53
	54	54	54	54	54	54
	53	53	53	53	53	53
	54	54	54	54	54	54
	53	53	53	53	53	53
	54	54	54	54	54	54
	53	53	53	53	53	53
	54	54	54	54	54	54
	53	53	53	53	53	53
	54	54	54	54	54	54
	53	53	53	53	53	53
	54	54	54	54	54	54
	53	53	53	53	53	53
	54	54	54	54	54	54
	53	53	53	53	53	53
	54	54	54	54	54	54
	53	53	53	53	53	53
	54	54	54	54	54	54
	53	53	53	53	53	53
	54	54	54	54	54	54
	53	53	53	53	53	53
	54	54	54	54	54	54
	53	53	53	53	53	53
	54	54	54	54	54	54
	53	53	53	53	53	53
	54	54	54	54	54	54
	53	53	53	53	53	53
	54	54	54	54	54
	53	53	53	53	53
	54	54	54	54	54	54
	53	53	53	53	53	53
	54	54	54	54	54	54
	53	53	53	53	53	53
	54	54	54	54	54	54
	53	53	53	53	53	53
	54	54	54	54	54	54
	53	53	53	53	53	53
	54	54	54	54	54	54
	53	53	53	53	53	53
	54	54	54	54	54	54
	53	53	53	53	53	53
	54	54	54	54	54	54
	53	53	53	53	53	53
	54	54	54	54	54	54
	53	53	53	53	53	53
	54	54	54	54	54	54
	53	53	53	53	53	53
	54	54	54	54	54	54
	53	53	53	53	53	53
	54	54	54	54	54	54
	53	53	53	53	53	53
	54	54	54	54	54	54
	53	53	53	53	53	53
	54	54	54	54	54	54
	53	53	53	53	53	53
	54	54	54	54	54	54
	53	53	53	53	53	53
	54	54	54	54	54	54
	53	53	53	53	53	53
	54	54	54	54	54	54
	53	53	53	53	53	53
	54	54	54	54
	53	53	53	53	53	53
	53	53	53	53	53	53
	54	54	54	54	54	54
	53	53	53	53	53	53
	54	54	54	54	54	54
	53	53	53	53	53	53
	54	54	54	54	54	54
	53	53	53	53	53	53
	54	54	54	54	54	54
	53	53	53	53	53	53
	54	54	54	54	54	54
	53	53	53	53	53	53
	54	54	54	54	54	54
	53	53	53	53	53	53
	54	54	54	54	54	54
	53	53	53	53	53	53
	54	54	54	54	54	54
	53	53	53	53	53	53
	54	54	54	54	54	54
	53	53	53	53	53
	54	54	54	54	54	54
	54	54	54	54	54	54
	53	53	53	53	53	53
	54	54	54	54	54	54
	53	53	53	53	53	53
	54	54	54	54	54	54
	53	53	53	53	53	53
	54	54	54	54	54	54
	53	53	53	53	53	53
	54	54	54	54	54	54
	53	53	53	53	53	53
	54	54	54	54	54	54
	53	53	53	53	53	53
	54	54	54	54	54	54
	53	53	53	53	53	53
	54	54	54	54	54	54
	53	53	53	53	53	53
	54	54	54	54	54	54
	53	53	53	53	53	53
	54	54	54	54	54	54
	53	53	53	53	53	53
	54	54	54	54	54	54
	53	53	53	53	53	53
	54	54	54	54	54	54
	53	53	53	53	53	53
	54	54	54	54	54	54
	53	53	53	53	53	53
	54	54	54	54	54	54
	53	53	53	53	53
	54	54	54	54	54	54
	53	53	53	53	53	53
	54	54	54	54	54	54
	53	53	53	53	53	53
	54	54	54	54	54	54
	53	53	53	53	53	53
	54	54	54	54	54	54
	53	53	53	53	53	53
	54	54	54	54	54	54
	53	53	53	53	53	53
	54	54	54	54	54	54
	53	53	53	53	53	53
	54	54	54	54	54	54
	53	53	53	53	53
	54	54	54	54	54	54
	54	54	54	54	54	54
	53	53	53	53	53	53
	54	54	54	54	54	54
	53	53	53	53	53	53
	54	54	54	54	54	54
	53	53	53	53	53	53
	54	54	54	54	54	54
	53	53	53	53	53	53
	54	54	54	54	54	54
	53	53	53	53	53	53
	54	54	54	54	54	54
	53	53	53	53	53	53
	54	54	54	54	54	54
	53	53	53	53	53	53
	54	54	54	54	54	54
	53	53	53	53	53	53
	54	54	54	54	54	54
	53	53	53	53	53	53
	54	54	54	54	54	54
	53	53	53	53	53	53
	54	54	54	54	54	54
	53	53	53	53	53	53
	54	54	54	54	54	54
	53	53	53	53	53	53
	54	54	54	54	54	54
	53	53	53	53	53	53
	54	54	54	54	54	54
	53	53	53	53	53	53
	54	54	54	54	54	54
	53	53	53	53	53	53
	54	54	54	54	54	54
	53	53	53	53	53	53
	54	54	54	54	54	54
	53	53	53	53	53	53
	54	54	54	54	54	54
	53	53	53	53	53	53
	54	54	54	54	54	54
	53	53	53	53	53	53
	54	54	54	54	54	54
	53	53	53	53	53	53
	54	54	54	54	54	54
	53	53	53	53	53	53
	54	54	54	54	54	54
	53	53	53	53	53	53
	54	54	54	54	54	54
	53	53	53	53	53	53
	54	54	54	54	54
	53	53	53	53	53	53
	54	54	54	54	54	54
	53	53	53	53	53	53
	54	54	54	54	54	54
	53	53	53	53	53	53
	54	54	54	54	54	54
	53	53	53	53	53	53
	54	54	54	54	54	54
	53	53	53	53	53	53
	54	54	54	54	54	54
	53	53	53	53	53	53
	54	54	54	54	54	54
	53	53	53	53	53	53
	54	54	54	54	54
	53	53	53	53	53	53
	54	54	54	54	54	54
	53	53	53	53	53	53
	54	54	54	54	54	54
	53	53	53	53	53	53
	54	54	54	54	54	54
	53	53	53	53	53	53
	54	54	54	54	54	54
	53	53	53	53	53	53
	54	54	54	54	54	54
	53	53	53	53	53	53
	54	54	54	54	54	54
	53	53	53	53	53	53
	54	54	54	54	54	54
	53	53	53	53	53	53
	54	54	54	54	54	54
	53	53	53	53	53	53
	54	54	54	54	54	54
	53	53	53	53	53	53
	54	54	54	54
	53	53	53	53	53
	54	54	54	54	54	54
	53	53	53	53	53	53
	54	54	54	54	54	54
	53	53	53	53	53	53
	54	54	54	54	54	54
	53	53	53	53	53	53
	54	54	54	54	54	54
	53	53	53	53	53	53
	54	54	54	54	54
	53	53	53	53	53	53
	54	54	54	54	54	54
	53	53	53	53	53	53
	54	54	54	54	54	54
	53	53	53	53	53	53
	54	54	54	54	54	54
	53	53	53	53	53	53
	54	54	54	54	54	54
	53	53	53	53	53	53
	40	64	40	65	66	66
	41	67	41	67	67	67
	42	68	42	68	68	68
	43	43	43	43	43	43
	44	44	44	44	44	44
	69	69	45	45	69	69
	70	70	46	46	70	70
	71	47	42	42	66	66
	67	67	43	43	67	67
	68	68	42	68	68	68
	66	66	44	44	66	66
	42	42	42	42	42	42
	43	67	43	43	43	67
	68	68	44	44	68	68
	66	66	54	66	66	66
	67	67	45	45	67	67
	44	44	44	44	44	44
	43	43	43	43	43	43
	42	68	42	42	42	68
	53	66	53	46	46	66
	64	65	40	41	67	67
	68	68	44	68	68	68
	69	69	42	69	69	69
	66	66	43	66	66	43
	67	67	67	67	67	67
	44	44	44	44	70	44
	42	42	42	42	68	42
	43	43	43	43	66	43
	68	68	68	68	68	68
	66	66	54	66	66	44
	67	67	67	67	67	67
	42	42	42	42	68	42
	44	44	44	44	66	44
	43	43	43	43	68	43
	66	66	66	66	66	66
	67	67	67	67	67	67
	68	68	68	68	68	68
	42	53	42	42	42	42
	44	66	44	44	44	44
	43	67	43	43	43	43
	71	47	47	65	64	45
	40	40	40	41	41	46
	70	70	70	70	70	70
	69	54	69	69	69	69
	45	53	53	66	53	53
	46	46	68	68	68	46
	42	42	67	67	67	67
	44	44	66	66	66	66
	43	54	54	43	43	43
	42	42	68	68	68	68
	44	44	44	67	67	67
	45	45	45	66	66	66
	43	43	43	43	43	70
	42	42	42	42	68	68
	44	44	44	44	67	67
	66	46	66	66	66	66
	43	43	43	68	68	68
	42	53	42	67	67	67
	44	44	69	69	69	69
	42	54	42	68	68	68
	65	64	64	40	40	41
	43	43	43	66	66	66
	44	44	67	67	67	67
	42	42	42	42	68	68
	44	44	44	44	70	70
	43	43	43	43	66	66
	41	42	68	68	68	68
	67	67	67	67	67	67
	45	45	45	66	66	66
	42	42	42	42	68	42
	44	44	44	44	67	44
	43	43	43	43	66	43
	46	46	46	46	68	46
	67	67	66	66	53	42
	44	44	44	44	67	67
	42	42	42	42	66	42
	43	43	43	43	54	43
	44	44	44	44	69	44
	42	42	42	42	70	42
	43	43	43	43	43	43
	47	71	65	40	64	40
	41	41	45	45	53	45
	68	68	68	68	68	69
	54	54	54	54	54	70
	46	66	66	66	66	66
	67	67	67	67	67	67
	44	44	44	44	53	44
	43	43	43	43	69	43
	42	42	42	42	70	42
	46	46	46	46	67	46
	45	45	45	45	53	45
	44	44	44	43	69	43
	42	42	42	70	70	70
	43	54	54	54	54	69
	53	53	53	53	53	69
	46	46	46	46	69	46
	70	45	45	45	70	45
	54	69	54	69	54	69
	53	70	53	70	53	70
	54	46	46	46	54	46
	69	45	45	45	69	45
	53	70	53	70	53	70
	54	69	54	69	54	69
	70	46	46	46	53	46
	70	45	45	45	70	45
	69	69	54	69	54	69
	53	46	53	53	53	46
	70	70	45	45	70	45
	54	69	54	54	54	46
	69	69	46	46	53	46
	70	70	45	45	70	45
	69	69	53	53	53	53
	54	46	54	54	54	46
	70	70	70	70	70	45
	69	69	69	69	69	45
	53	46	53	46	53	46
	70	45	54	45	54	45
	69	69	53	46	53	46
	70	70	54	54	70	45
	69	69	53	46	46	46
	70	70	45	45	45	45
	69	69	54	54	54	54
	53	53	53	53	53	53
	70	70	46	46	46	46
	69	69	45	69	45	69
	70	70	54	54	54	70
	45	53	53	53	45	53
	46	54	54	54	46	54
	69	69	69	69	45	69
	70	70	70	70	46	70
	45	53	53	53	45	53
	46	54	54	54	46	54
	45	69	69	69	45	69
	46	70	70	70	46	70
	45	53	53	53	45	53
	46	54	69	54	46	54
	70	70	70	70	45	70
	69	69	69	69	69	69
	46	53	53	53	46	53
	45	54	54	54	45	54
	46	46	46	70	46	53
	45	45	45	45	45	54
	70	70	70	70	70	53
	69	69	69	69	69	69
	46	54	46	46	46	54
	45	53	45	53	45	53
	70	54	70	70	70	54
	69	53	46	69	46	53
	45	45	45	45	45	54
	69	46	46	69	46	53
	70	54	70	70	70	54
	69	53	46	69	69	53
	45	45	45	45	45	54
	46	46	46	70	70	53
	69	54	69	69	69	54
	70	53	46	70	70	53
	45	54	45	45	45	54
	46	46	46	46	46	53
	69	69	45	69	69	69
	70	70	45	70	70	53
	54	54	46	54	54	54
	45	53	45	45	45	53
	69	69	46	69	69	53
	70	70	46	70	70	54
	46	46	46	46	46	53
	45	45	45	45	54	54
	69	69	53	69	69	53
	70	70	46	70	70	70
	54	54	45	45	54	54
	53	53	53	46	53	53
	69	69	45	69	69	69
	46	46	46	46	54	46
	45	70	45	70	70	70
	54	54	45	45	54	54
	53	53	53	69	53	53
	46	46	46	46	69	46
	45	70	45	70	70	70
	54	69	69	69	54	69
	45	45	45	45	53	45
	46	46	54	46	54	46
	53	70	53	70	53	70
	69	69	69	69	69	69
	54	45	54	45	54	54
	46	70	46	46	53	70
	45	45	45	45	53	45
	69	69	69	69	69	69
	70	70	70	70	70	70
	46	46	53	46	53	46
	54	45	54	45	54	54
	69	69	53	69	53	69
	46	46	46	46	54	46
	45	45	45	45	70	45
	70	70	53	70	53	70
	69	69	54	69	54	69
	46	46	46	46	53	46
	45	45	45	45	54	45
	70	70	53	70	53	70
	69	69	54	69	54	69
	46	46	46	46	53	46
	70	45	45	45	54	45
	69	69	53	69	53	69
	70	70	70	70	54	70
	46	46	54	46	54	46
	45	53	53	45	53	45
	69	69	69	46	69	46
	70	70	70	45	70	45
	54	54	54	54	54	46
	53	53	53	53	53	45
	69	69	69	69	69	69
	70	54	70	70	70	46
	45	45	45	45	54	45
	46	53	46	46	53	46
	69	54	69	69	54	69
	70	53	70	70	53	70
	45	54	54	45	54	45
	69	53	46	69	53	46
	70	70	70	70	54	70
	69	53	69	69	53	69
	45	54	45	45	54	45
	46	53	46	46	53	46
	70	54	70	70	54	70
	69	53	69	69	53	69
	46	54	54	54	46	46
	45	45	70	70	45	45
	69	53	53	53	53	53
	70	54	70	70	46	70
	69	54	69	69	45	69
	46	46	46	46	46	46
	45	54	54	45	45	54
	70	53	53	70	53	53
	69	69	69	69	45	69
	70	54	46	70	54	54
	45	45	45	45	45	53
	46	46	46	46	46	53
	70	70	70	70	54	70
	69	69	45	69	53	69
	70	54	46	46	54	54
	70	53	45	45	53	53
	69	46	46	69	46	54
	70	70	45	70	45	70
	69	53	46	69	46	53
	69	54	45	45	45	54
	70	53	46	70	46	53
	69	54	45	69	45	54
	70	53	46	70	46	53
	69	54	45	69	45	54
	70	70	46	70	46	53
	69	69	45	69	45	54
	70	46	46	46	46	53
	70	45	45	70	45	54
	69	53	69	69	69	53
	70	54	46	70	46	54
	53	45	45	45	45	53
	54	54	46	46	46	54
	70	70	70	70	70	53
	69	69	69	69	69	69
	53	45	45	45	45	53
	54	46	46	46	46	54
	53	70	70	70	70	53
	54	54	45	45	45	54
	69	69	69	69	69	53
	53	46	46	46	46	53
	54	70	45	70	45	54
	53	69	45	69	45	53
	54	70	46	70	46	54
	53	69	45	69	45	53
	54	70	46	70	46	54
	53	69	45	69	45	53
	54	70	46	46	46	54
	53	70	45	45	45	53
	54	69	69	69	69	69
	70	70	70	70	70	70
	54	46	46	46	46	46
	53	45	53	45	45	53
	54	69	54	69	54	54
	70	45	70	45	45	70
	53	46	53	46	53	69
	54	69	69	69	69	69
	54	46	46	46	46	70
	53	45	45	45	45	45
	54	70	70	70	70	70
	53	46	53	53	53	53
	54	69	54	69	54	69
	70	46	70	46	46	46
	69	45	45	45	45	45
	54	46	69	69	54	69
	53	53	53	70	53	70
	54	46	70	46	54	46
	69	45	69	45	69	45
	53	46	70	53	53	70
	54	45	54	54	54	45
	70	46	70	46	70	46
	69	69	69	69	69	45
	53	53	53	53	53	45
	70	54	70	46	54	46
	69	69	45	45	45	45
	70	54	70	54	54	46
	69	53	69	46	53	46
	70	70	45	45	45	45
	69	69	46	54	54	46
	53	53	70	53	53	70
	69	69	69	46	46	69
	70	70	70	54	54	54
	45	53	45	45	45	45
	69	69	69	53	46	69
	70	70	70	54	54	70
	53	53	53	53	53	53
	46	69	46	54	46	69
	45	70	45	54	45	70
	46	69	69	54	46	69
	45	70	70	53	45	70
	46	54	69	54	54	54
	45	53	53	53	53	53
	46	46	69	69	46	69
	45	70	70	70	70	70
	45	54	54	54	54	54
	46	53	69	53	53	53
	45	45	45	45	69	45
	46	46	46	46	70	46
	69	69	69	54	54	54
	70	70	70	70	70	70
	45	53	69	53	53	53
	46	46	46	54	54	54
	45	45	45	45	69	45
	69	69	69	69	69	69
	70	70	70	53	53	53
	46	46	46	46	54	46
	45	45	45	54	54	54
	70	70	70	70	53	53
	69	69	69	69	69	69
	46	46	46	54	54	54
	45	45	45	45	45	45
	70	70	70	53	53	53
	46	46	46	54	54	54
	69	69	69	69	69	69
	70	70	70	70	53	53
	45	45	45	45	45	45
	46	46	46	46	46	54
	70	70	53	53	53	53
	69	69	69	54	54	54
	45	70	45	70	45	53
	46	46	46	46	46	46
	69	69	45	69	45	53
	70	70	54	54	54	54
	45	53	45	53	45	53
	69	69	46	69	46	54
	70	70	70	70	70	70
	45	69	53	45	45	53
	46	54	46	46	46	54
	45	69	45	69	45	53
	70	70	70	70	54	54
	46	69	46	46	46	53
	45	69	45	45	45	54
	53	70	70	70	53	53
	46	69	69	69	46	54
	45	70	45	45	45	54
	46	69	53	53	46	53
	46	70	70	70	46	54
	45	69	69	69	45	54
	46	70	53	46	46	53
	45	69	54	45	45	54
	53	70	70	70	46	53
	54	69	69	69	45	54
	46	70	46	46	46	53
	45	70	45	45	45	54
	69	69	69	69	46	53
	70	70	54	70	70	54
	53	46	53	46	46	53
	45	45	54	45	45	54
	69	69	69	69	69	53
	70	70	70	70	46	54
	53	46	53	46	46	53
	45	45	54	45	45	54
	69	69	69	69	69	53
	70	70	70	70	46	54
	46	46	53	46	46	53
	45	45	54	45	45	54
	69	69	69	69	69	53
	70	70	70	70	70	54
	46	46	53	46	46	53
	45	45	54	45	45	54
	69	69	69	46	69	53
	70	70	70	54	70	54
	45	45	53	45	45	53
	46	69	46	46	46	46
	70	54	70	54	54	54
	69	69	69	53	69	53
	45	70	45	45	45	45
	46	53	70	53	46	53
	70	54	70	54	54	54
	69	69	69	69	46	46
	45	53	70	53	45	45
	46	54	70	54	46	46
	69	53	69	69	69	69
	70	54	70	70	45	70
	46	53	53	53	53	53
	45	54	54	54	54	45
	46	69	69	69	46	46
	70	70	70	70	45	70
	69	53	69	53	45	45
	46	54	54	54	46	46
	70	53	70	53	45	45
	69	69	69	69	69	69
	70	54	70	54	46	46
	45	53	53	53	53	45
	70	70	70	54	54	46
	69	69	69	53	45	45
	70	46	46	54	46	46
	70	70	70	53	45	45
	69	69	69	54	54	69
	70	46	70	53	53	46
	69	45	45	54	45	45
	70	46	70	53	46	46
	69	54	69	54	54	69
	70	45	45	53	53	45
	70	46	46	54	54	70
	69	69	69	53	53	69
	70	45	45	45	70	70
	46	46	46	54	54	54
	69	69	69	53	53	69
	70	45	45	45	70	70
	46	46	46	54	54	54
	53	53	69	53	53	53
	70	70	70	70	70	70
	45	45	45	45	69	69
	46	46	46	54	54	54
	69	69	69	53	69	69
	45	45	45	53	53	53
	46	46	46	54	54	54
	70	70	70	70	70	70
	45	69	45	53	69	69
	46	46	46	54	46	54
	45	45	45	53	53	53
	69	69	46	69	69	54
	70	70	45	70	70	70
	54	46	46	54	54	54
	53	45	45	53	53	53
	46	69	46	69	46	69
	45	70	45	70	45	70
	54	69	54	54	54	54
	46	46	46	53	46	53
	45	70	45	70	45	70
	53	69	69	69	69	69
	46	70	46	46	46	54
	53	45	45	45	45	53
	54	70	70	70	54	54
	53	69	69	69	69	53
	46	46	46	46	46	54
	45	70	45	45	45	53
	54	69	69	69	54	54
	53	70	70	70	46	53
	45	69	45	45	45	54
	53	70	46	46	46	53
	54	69	69	69	54	54
	53	70	70	70	45	53
	46	46	46	46	46	54
	45	69	45	45	45	53
	54	70	70	70	54	54
	53	69	69	69	46	53
	54	70	70	45	45	54
	53	69	69	46	46	53
	45	45	70	45	45	54
	46	46	69	46	46	53
	54	70	70	70	45	54
	53	69	69	69	45	53
	54	70	70	46	46	54
	53	69	69	45	45	53
	54	70	70	46	46	54
	53	69	69	45	45	53
	46	70	70	46	46	54
	45	69	69	45	45	53
	54	70	70	54	46	54
	53	69	69	53	45	53
	46	70	70	46	46	54
	45	69	69	45	45	53
	54	70	70	54	46	54
	53	69	69	53	45	53
	46	70	70	46	46	54
	45	69	69	69	45	53
	54	70	70	54	46	54
	53	53	69	53	45	53
	46	70	70	54	46	54
	45	69	69	69	45	69
	46	53	70	53	46	53
	45	54	70	54	45	54
	46	53	69	69	46	69
	45	54	70	70	45	70
	46	53	69	53	46	53
	54	54	70	54	45	54
	69	69	69	69	46	69
	45	70	70	53	45	70
	46	53	69	53	46	53
	45	54	70	54	45	54
	46	69	69	53	46	69
	45	70	70	70	45	70
	46	54	69	54	46	69
	53	53	70	53	45	53
	46	54	69	54	46	69
	45	53	53	70	45	70
	46	54	54	69	46	69
	45	45	45	45	45	45
	70	53	53	46	53	70
	69	54	54	46	54	69
	70	46	70	46	70	70
	69	53	53	45	53	69
	46	54	54	46	54	69
	45	45	45	45	45	45
	70	70	70	46	70	70
	69	69	53	46	53	69
	46	54	54	46	54	54
	69	45	53	45	53	69
	70	70	70	46	70	70
	69	69	54	45	54	69
	46	46	53	46	53	53
	45	45	54	45	45	54
	70	70	70	46	70	70
	69	69	69	69	69	69
	53	46	53	46	53	53
	54	45	54	54	54	54
	45	45	70	45	45	70
	46	46	69	46	46	69
	53	70	53	53	53	53
	54	69	54	54	54	54
	45	45	45	70	45	70
	46	46	46	69	46	69
	53	70	70	53	70	53
	54	69	69	54	69	54
	45	45	45	45	45	53
	46	46	46	46	46	70
	54	69	69	54	69	54
	53	70	70	53	70	53
	45	45	45	45	45	54
	46	69	69	46	69	53
	54	70	70	54	70	54
	53	46	46	46	46	53
	45	69	69	45	69	54
	53	70	70	53	70	53
	54	45	45	45	45	54
	46	46	69	46	46	46
	53	53	70	53	70	53
	54	54	69	54	69	54
	45	45	45	45	45	45
	70	70	70	46	70	53
	69	69	69	46	69	54
	53	53	70	53	53	53
	54	54	46	46	46	54
	69	45	69	45	69	45
	70	70	70	46	70	54
	53	53	69	45	45	53
	54	54	70	46	46	54
	69	45	69	45	69	53
	70	54	70	46	70	46
	53	53	69	45	45	53
	54	54	70	46	46	54
	69	53	69	45	69	45
	70	54	70	46	70	46
	53	53	69	45	45	53
	54	54	70	46	46	54
	69	53	69	45	69	45
	70	53	70	46	46	46
	54	54	69	45	45	54
	53	53	70	53	70	53
	69	54	69	46	46	46
	70	54	70	45	45	45
	69	53	69	46	69	53
	54	54	70	45	45	54
	70	53	70	46	70	46
	69	53	69	45	69	53
	70	54	70	46	54	54
	45	53	69	45	45	45
	46	54	69	46	46	46
	70	53	70	45	53	53
	69	54	69	54	54	54
	70	53	70	46	53	46
	45	69	69	45	54	45
	70	53	53	46	53	46
	69	54	54	45	54	54
	70	70	70	45	53	45
	69	69	69	46	53	46
	70	70	70	45	54	45
	69	53	53	46	53	46
	69	54	54	45	54	54
	70	70	70	46	53	46
	69	69	69	45	53	45
	70	54	54	46	54	46
	45	53	53	45	53	45
	69	69	69	46	69	46
	70	70	70	70	70	45
	46	54	54	46	54	46
	45	53	53	45	53	45
	69	69	69	69	69	69
	70	54	54	70	54	46
	45	53	53	45	53	45
	46	46	70	46	70	46
	69	69	69	69	69	45
	70	54	54	70	54	45
	46	53	53	46	53	46
	45	70	45	70	70	45
	69	54	54	69	54	46
	45	53	53	70	53	45
	46	46	46	69	69	46
	70	70	54	70	54	45
	69	69	53	69	53	45
	45	45	54	70	54	45
	46	46	46	70	53	46
	69	69	53	69	69	53
	54	70	54	70	54	54
	45	45	45	70	53	53
	46	46	46	69	69	53
	70	70	54	70	70	54
	45	45	45	69	53	53
	46	46	46	69	69	54
	53	45	53	70	53	53
	54	69	54	54	54	54
	70	46	70	70	70	70
	45	45	45	45	69	69
	46	46	46	46	53	53
	69	69	69	69	69	54
	70	70	70	70	70	53
	54	45	45	54	54	54
	53	46	46	53	53	53
	45	69	69	69	69	69
	46	70	70	46	70	54
	45	45	45	45	53	53
	54	46	46	46	54	54
	53	70	70	70	70	53
	45	69	69	69	69	69
	54	46	46	46	54	54
	45	45	45	45	53	53
	53	70	70	70	70	70
	54	69	69	46	69	54
	53	46	46	46	53	53
	45	45	45	45	54	54
	53	69	69	69	69	53
	46	70	70	70	70	70
	54	46	46	54	54	54
	53	45	45	45	69	53
	69	69	69	46	69	69
	53	70	70	70	70	53
	54	46	46	46	46	54
	53	45	45	45	45	45
	54	69	69	54	69	54
	70	70	70	46	70	53
	53	46	69	46	46	53
	54	45	45	45	45	54
	69	69	69	46	69	53
	70	70	70	70	70	70
	54	54	54	45	45	54
	53	53	53	46	46	53
	69	69	69	45	69	69
	54	70	70	46	46	54
	53	70	70	45	45	53
	54	69	69	46	46	54
	53	70	53	45	45	53
	54	69	69	46	46	54
	70	70	70	45	45	45
	53	69	53	46	46	53
	54	69	54	54	69	54
	70	70	70	45	45	45
	69	69	69	46	46	46
	53	53	53	53	53	53
	54	70	54	45	45	54
	70	70	70	46	46	46
	69	69	69	45	45	69
	70	70	54	54	46	54
	53	53	53	53	45	53
	69	69	69	46	46	69
	70	45	70	45	45	70
	69	54	54	54	46	54
	69	53	53	53	45	53
	70	46	70	46	46	46
	69	45	69	45	45	45
	70	54	54	54	54	54
	69	46	53	53	53	53
	70	45	70	45	45	70
	69	46	69	46	46	46
	70	45	54	54	54	54
	69	69	53	53	53	53
	70	45	70	45	45	45
	69	46	46	46	46	46
	70	70	54	70	54	54
	69	69	53	69	69	69
	45	45	53	45	45	45
	70	70	54	46	46	46
	69	69	53	53	53	53
	70	70	54	70	54	54
	69	46	46	46	46	46
	45	45	45	45	45	45
	69	69	53	69	53	53
	70	70	54	70	54	54
	69	46	46	46	46	46
	70	45	53	45	53	53
	69	69	54	69	54	54
	70	70	45	70	70	70
	46	46	53	69	53	46
	45	45	45	69	45	45
	69	54	54	69	54	54
	70	70	53	70	53	46
	69	46	46	69	46	46
	45	45	54	70	54	45
	69	53	53	69	53	53
	70	70	54	70	54	70
	46	46	46	69	46	46
	45	45	45	69	45	45
	69	53	53	69	53	69
	70	54	54	70	54	70
	46	53	46	46	46	46
	69	54	45	45	45	45
	70	53	53	70	53	70
	69	54	54	69	69	69
	70	46	46	46	70	46
	45	53	45	45	53	45
	69	54	54	69	54	69
	70	70	70	70	70	70
	46	53	53	46	53	46
	45	54	45	45	54	45
	69	69	69	69	69	69
	46	53	46	46	53	46
	70	54	70	70	54	54
	45	45	45	45	45	45
	69	53	53	69	53	53
	70	54	46	46	54	54
	70	70	70	70	70	46
	69	69	69	69	69	45
	46	53	46	46	53	53
	54	54	45	45	54	54
	70	70	70	46	70	53
	69	69	45	45	69	45
	54	54	46	46	54	54
	53	53	70	45	53	53
	69	69	69	46	69	46
	70	54	70	45	70	54
	53	53	46	46	53	53
	69	54	45	45	54	45
	70	70	70	46	70	46
	69	69	69	69	69	53
	54	54	45	45	54	54
	70	53	46	46	53	53
	70	70	45	45	70	45
	69	54	69	46	69	54
	46	53	70	46	53	53
	45	54	69	45	69	54
	46	70	70	46	70	70
	45	53	69	45	53	53
	46	54	46	46	54	54
	45	69	69	45	69	69
	70	70	70	46	70	70
	45	53	45	45	53	53
	46	54	46	46	54	54
	69	69	69	45	69	69
	70	53	70	46	53	53
	45	54	45	45	54	54
	70	46	70	46	70	70
	69	53	69	45	53	53
	46	54	46	46	54	54
	45	45	69	45	45	45
	70	53	70	46	70	70
	69	54	69	46	69	69
	53	53	53	46	53	53
	45	54	70	45	54	54
	46	46	69	46	46	46
	70	53	70	45	70	70
	69	54	69	45	69	54
	45	53	70	45	53	53
	46	54	69	46	46	54
	70	53	70	45	70	53
	69	54	69	69	69	69
	45	45	70	45	45	45
	54	46	70	46	46	54
	53	53	53	53	53	53
	54	54	70	70	70	54
	46	46	69	69	46	69
	45	45	70	45	45	45
	53	53	69	69	46	53
	54	54	70	54	70	54
	46	46	69	46	46	46
	45	45	70	70	45	70
	53	53	69	53	69	53
	54	54	69	54	45	54
	46	46	70	70	46	70
	45	45	69	69	45	69
	53	46	70	53	46	53
	54	45	69	54	45	54
	70	70	70	70	46	70
	69	69	69	69	45	69
	53	46	53	53	46	46
	54	45	54	54	45	45
	53	70	70	53	46	70
	54	69	69	54	45	69
	46	46	70	53	46	46
	45	45	70	54	45	45
	53	69	69	53	46	69
	54	70	70	54	46	70
	53	45	69	53	45	69
	54	46	46	54	46	70
	69	69	45	69	45	69
	53	70	70	70	46	70
	54	45	45	54	45	45
	53	46	70	53	46	46
	69	69	69	69	69	69
	54	70	70	70	70	70
	53	45	45	53	45	45
	54	46	46	54	46	46
	53	69	69	53	69	69
	54	45	70	70	70	70
	54	46	69	54	46	46
	53	45	45	53	45	45
	54	69	69	69	69	69
	53	46	70	70	70	70
	54	45	54	54	45	45
	53	46	53	46	46	46
	53	53	69	69	69	69
	54	54	70	54	70	70
	45	45	70	45	45	45
	53	46	53	46	46	46
	54	54	69	69	69	69
	53	53	70	70	70	70
	54	45	54	45	45	45
	53	46	69	46	46	46
	53	53	70	70	70	70
	54	54	54	69	69	45
	53	53	53	46	69	46
	54	45	70	45	70	45
	54	69	69	69	69	46
	53	53	53	70	70	46
	54	54	54	45	70	45
	53	46	69	46	69	46
	54	70	70	45	70	45
	53	53	53	53	69	46
	54	54	54	45	69	45
	70	46	70	46	70	46
	53	69	69	69	69	69
	54	45	70	45	70	70
	53	53	53	46	69	53
	54	54	54	54	70	54
	69	45	45	45	69	69
	70	46	46	46	70	70
	53	53	53	53	69	53
	54	54	54	45	70	70
	69	46	46	46	69	69
	53	45	45	45	70	70
	54	54	54	54	69	69
	53	53	53	46	70	70
	45	69	45	45	45	69
	46	70	46	46	46	70
	54	54	54	54	69	69
	70	53	53	53	70	70
	45	69	45	45	45	69
	46	53	46	46	46	70
	69	54	54	54	69	69
	70	53	70	53	70	70
	45	54	45	45	45	69
	46	53	46	46	46	69
	69	54	54	54	69	69
	70	53	53	53	70	70
	45	54	45	45	45	45
	46	69	46	46	46	46
	70	53	53	70	70	70
	69	54	54	69	69	69
	45	53	45	45	45	45
	70	54	46	46	46	70
	69	53	53	69	69	69
	70	54	54	70	54	70
	46	53	46	46	46	46
	45	53	45	45	45	45
	69	54	54	69	69	69
	70	53	53	70	70	70
	46	54	54	46	46	46
	45	53	45	45	45	45
	69	69	53	69	69	69
	70	70	54	70	46	70
	53	53	53	53	46	46
	54	54	54	54	45	45
	69	69	69	69	46	69
	70	70	53	70	45	70
	54	54	54	54	46	46
	53	53	53	53	45	45
	69	69	46	54	46	69
	70	70	70	54	45	70
	53	69	53	53	45	45
	54	69	46	54	46	46
	70	70	45	54	45	70
	69	69	53	53	53	69
	54	70	54	54	46	46
	45	45	45	45	45	45
	69	69	46	53	46	69
	70	70	54	54	54	70
	53	69	53	53	53	69
	70	70	46	46	46	46
	45	69	45	45	45	45
	54	70	54	54	54	54
	69	69	53	53	53	69
	70	70	46	70	46	70
	69	69	45	69	45	45
	53	53	46	53	46	46
	70	54	54	54	54	70
	69	69	45	69	45	69
	53	53	46	53	53	46
	70	70	70	70	70	70
	54	54	45	54	54	45
	69	69	69	69	69	69
	53	53	46	46	46	46
	70	54	45	45	45	45
	70	53	70	70	70	70
	54	54	69	54	54	54
	53	53	46	53	53	46
	69	54	69	69	69	69
	70	45	45	45	45	45
	53	53	46	46	46	46
	70	54	70	70	70	70
	69	54	69	69	69	45
	53	53	46	53	53	46
	54	54	45	45	45	45
	70	54	70	70	70	46
	69	53	69	69	69	69
	54	54	46	46	46	46
	53	53	45	45	45	45
	70	54	70	70	70	70
	69	53	69	69	69	46
	54	54	45	54	54	54
	53	53	46	53	53	46
	45	45	70	45	45	45
	69	46	69	69	69	46
	70	54	70	70	70	70
	53	53	53	53	53	53
	54	54	54	46	54	46
	45	45	69	45	45	45
	46	46	70	46	70	46
	54	54	69	69	69	69
	53	53	53	53	53	53
	45	45	70	70	70	45
	54	54	54	46	54	46
	46	46	69	69	69	46
	45	45	70	45	70	45
	53	53	53	53	53	53
	54	54	69	54	54	46
	70	46	70	70	70	46
	45	45	69	69	69	45
	46	46	70	46	54	46
	45	53	53	53	53	45
	69	54	69	54	54	69
	70	45	70	70	70	70
	46	46	69	46	46	46
	45	45	53	45	53	45
	69	54	54	54	54	69
	70	53	70	70	70	70
	69	46	69	69	69	69
	45	53	53	45	53	45
	46	46	54	46	54	46
	70	45	70	70	70	70
	69	53	53	69	53	69
	45	54	54	45	54	45
	46	46	46	46	46	46
	69	53	69	69	69	69
	45	54	70	70	70	70
	45	53	53	45	45	45
	46	54	54	69	54	69
	46	53	53	70	70	70
	45	54	54	69	45	69
	46	46	53	70	46	70
	45	53	53	69	69	69
	45	54	54	70	70	70
	46	46	46	69	46	69
	45	53	53	70	45	53
	54	54	54	69	69	54
	45	45	45	70	70	70
	46	46	46	69	46	69
	53	53	53	53	70	53
	54	54	54	54	69	69
	45	45	45	70	45	45
	70	46	46	53	70	70
	69	53	69	53	69	69
	54	54	54	54	46	54
	70	53	53	53	70	70
	45	45	45	45	45	45
	46	46	46	46	46	46
	69	54	69	54	69	69
	53	53	53	53	70	53
	70	54	70	54	70	70
	45	45	45	45	45	45
	46	46	46	46	46	46
	69	69	69	54	69	69
	53	53	53	53	70	53
	54	54	54	54	54	54
	70	45	70	45	70	70
	69	46	46	46	69	46
	45	53	45	53	45	45
	69	54	69	54	54	69
	70	53	70	53	53	70
	46	46	46	46	46	46
	45	45	45	45	45	45
	54	54	69	54	54	54
	70	70	70	70	53	70
	69	69	69	69	69	69
	53	53	46	53	53	46
	45	45	45	45	45	45
	54	70	46	54	54	54
	70	70	46	70	53	46
	69	69	69	69	69	69
	70	53	45	45	45	53
	8	16	17	9	18	9
	10	19	19	10	19	19
	11	20	20	11	20	20
	12	24	12	12	24	25
	13	26	21	26	26	26
	0	27	18	27	27	27
	28	28	1	28	28	28
	72	2	2	72	2	2
	73	3	3	73	3	3
	74	4	4	4	4	4
	75	25	75	75	22	29
	76	76	76	76	23	10
	11	11	11	11	0	0
	18	18	18	14	18	1
	19	19	19	12	19	19
	20	20	15	74	30	30
	31	26	10	26	26	26
	27	27	5	27	27	5
	6	28	6	6	28	6
	2	77	2	2	2	2
	1	16	1	1	16	3
	17	75	12	75	7	4
	76	8	8	76	9	54
	74	74	10	74	24	53
	78	78	11	78	20	3
	18	79	13	46	18	70
	19	12	12	19	19	4
	28	72	10	28	28	28
	25	73	25	26	26	26
	21	21	27	21	21	69
	0	75	11	75	20	0
	3	76	3	76	3	3
	2	2	2	2	2	2
	4	74	10	45	4	4
	27	12	18	18	18	18
	29	11	11	22	22	22
	20	75	20	20	20	20
	19	9	19	19	19	19
	26	74	26	26	26	10
	28	76	28	28	28	12
	23	72	14	72	14	14
	15	73	31	73	73	73
	30	77	30	77	30	7
	5	5	17	5	16	5
	1	1	24	24	54	8
	6	79	6	6	53	53
	13	13	13	70	70	70
	25	46	25	46	46	46
	0	78	0	69	69	69
	27	75	27	3	27	3
	9	74	11	4	45	4
	10	76	10	18	18	10
	2	2	12	2	2	2
	8	72	21	21	21	21
	29	73	20	20	20	20
	26	19	19	19	19	19
	28	28	28	28	28	28
	11	75	22	22	22	11
	12	74	12	3	27	12
	76	76	18	4	18	4
	26	17	17	16	26	10
	14	77	14	14	54	14
	27	75	27	2	27	27
	24	74	24	3	20	3
	1	1	11	11	30	11
	10	76	19	10	25	10
	9	18	18	18	28	28
	4	4	20	4	53	4
	0	0	12	2	26	12
	8	75	75	75	45	75
	74	74	19	3	27	19
	72	72	20	5	26	5
	73	73	76	6	28	11
	78	78	70	2	70	13
	10	76	10	10	27	10
	12	3	18	12	46	12
	26	20	20	20	26	20
	11	74	19	11	28	11
	4	4	69	4	69	69
	2	2	25	2	27	2
	31	23	15	7	79	79
	29	29	29	29	29	29
	16	16	21	21	21	21
	17	17	22	22	54	22
	9	77	77	1	24	24
	30	30	30	30	30	30
	8	0	45	14	53	14
	72	72	75	18	18	75
	73	73	76	3	25	76
	6	6	19	6	28	13
	74	74	74	12	26	12
	10	27	46	10	27	10
	70	5	20	11	20	11
	4	4	78	4	4	78
	1	2	79	2	2	25
	0	3	19	3	3	19
	28	18	28	28	28	28
	26	75	75	26	26	26
	76	76	76	12	27	76
	69	74	69	69	20	11
	54	18	18	10	18	10
	45	2	45	19	19	19
	53	4	27	12	4	12
	74	3	74	11	3	11
	75	20	75	20	20	20
	22	22	77	22	22	22
	21	2	28	10	21	21
	76	18	26	26	26	27
	29	4	29	29	29	29
	46	3	74	13	3	13
	12	12	12	14	28	14
	2	2	76	11	2	11
	10	4	75	27	27	27
	70	5	74	70	5	5
	3	3	76	28	30	30
	4	4	75	75	6	75
	2	2	74	74	27	74
	54	69	76	76	76	76
	53	78	78	78	78	78
	45	75	75	75	75	75
	46	77	77	77	77	77
	13	21	21	21	21	21
	29	22	22	22	22	22
	14	14	14	14	14	14
	6	6	6	70	6	6
	69	69	45	69	69	69
	54	5	54	54	54	54
	30	30	30	30	30	53
	13	13	46	46	46	46
	29	78	29	29	29	78
	70	70	45	70	70	70
	5	77	5	77	5	5
	53	21	21	21	21	53
	22	22	22	22	22	22
	13	13	13	13	13	45
	14	14	14	14	6	6
	30	69	78	69	69	54
	46	77	46	46	46	46
	29	29	29	45	45	53
	30	78	21	70	21	70
	5	77	5	54	5	54
	6	78	6	69	6	6
	53	77	22	53	22	53
	30	30	14	14	45	45
	13	13	13	13	13	54
	29	70	21	70	21	70
	46	78	69	69	69	46
	77	77	5	14	5	5
	22	22	22	22	22	54
	45	45	53	53	53	53
	29	29	6	29	29	6
	30	30	14	30	30	30
	78	78	21	78	21	46
	13	70	13	70	54	54
	77	69	69	69	69	69
	14	45	14	5	5	5
	22	22	22	70	53	53
	46	6	6	29	46	46
	77	77	21	30	21	54
	78	78	13	13	45	45
	29	5	5	29	70	70
	14	30	14	30	30	30
	6	69	53	69	53	53
	22	22	54	13	54	54
	21	21	21	29	21	46
	77	77	5	13	45	45
	78	78	6	14	70	70
	69	69	69	29	69	69
	46	46	22	13	46	46
	30	5	5	30	53	53
	14	6	14	14	54	54
	45	77	13	29	29	45
	78	22	22	30	70	70
	21	21	21	13	21	53
	77	6	6	29	69	69
	78	5	5	30	54	54
	46	46	14	46	46	46
	45	45	13	13	45	45
	70	22	53	53	70	70
	29	77	29	29	29	29
	30	6	6	30	30	30
	78	21	14	14	69	69
	22	5	5	54	54	54
	77	77	13	13	13	13
	78	21	53	53	53	53
	46	22	6	46	70	70
	45	45	14	45	69	69
	78	5	5	29	29	29
	30	21	30	30	30	30
	77	6	6	54	54	77
	22	22	22	14	22	14
	46	46	13	13	70	70
	78	21	78	53	53	69
	45	5	5	45	29	29
	77	6	54	54	54	77
	69	21	69	14	21	69
	70	46	30	13	30	70
	22	22	53	53	53	78
	29	6	29	14	29	6
	45	5	5	45	21	5
	46	46	77	13	54	13
	69	69	78	14	30	78
	70	70	70	6	22	70
	21	21	77	54	21	77
	45	53	53	53	53	5
	30	22	30	14	30	30
	29	29	29	13	29	29
	46	6	78	46	69	6
	70	54	54	54	54	5
	45	22	77	45	22	45
	69	14	69	14	69	14
	13	21	78	13	21	13
	5	5	70	5	70	5
	6	6	77	53	30	46
	22	22	22	29	22	45
	69	78	78	54	30	78
	14	77	53	53	21	46
	70	70	70	13	70	13
	6	54	29	29	29	45
	69	21	69	14	69	69
	5	77	30	30	30	46
	6	78	22	45	45	45
	13	53	13	53	13	53
	14	54	14	54	21	54
	5	77	5	46	46	46
	6	78	6	6	22	6
	70	70	70	29	70	70
	77	21	21	30	21	69
	78	78	22	14	22	45
	13	53	13	13	13	13
	5	54	5	29	69	5
	77	77	14	30	46	46
	45	45	6	53	45	45
	78	78	22	29	22	69
	14	54	21	54	21	54
	30	70	70	30	70	70
	6	53	6	53	46	53
	29	77	69	5	69	69
	13	78	13	13	13	13
	14	14	14	14	14	14
	30	22	22	22	22	46
	45	77	21	21	21	45
	29	54	5	5	29	29
	6	78	6	6	78	6
	30	70	70	53	70	70
	46	46	46	54	46	46
	77	69	69	69	69	69
	45	45	45	53	45	45
	13	13	13	5	13	30
	21	77	21	21	21	21
	14	78	22	22	14	22
	29	54	6	54	54	54
	30	53	5	53	53	53
	77	70	70	70	70	70
	29	78	46	69	29	29
	30	77	6	6	14	30
	45	45	5	5	13	45
	22	78	22	22	69	69
	46	46	46	21	46	46
	14	77	14	54	14	54
	13	53	13	53	13	53
	30	78	6	21	78	30
	29	70	5	70	29	70
	45	69	45	69	77	69
	22	22	22	22	54	22
	21	21	21	21	6	21
	30	53	5	14	14	30
	46	77	13	46	77	77
	29	78	6	70	78	78
	54	54	45	45	54	54
	53	53	5	69	53	69
	13	70	13	13	13	70
	29	6	14	14	14	29
	30	22	30	22	30	30
	46	46	46	46	46	21
	45	5	5	45	77	77
	78	6	6	69	78	78
	21	21	21	21	54	54
	29	70	29	70	29	53
	22	22	14	22	14	22
	30	5	13	13	13	69
	45	45	45	45	77	77
	53	6	6	46	53	53
	54	5	54	69	54	54
	30	21	30	70	78	78
	29	46	14	14	14	29
	22	22	13	69	77	77
	21	5	5	70	5	70
	53	6	6	46	6	53
	45	45	30	45	78	78
	29	21	29	69	69	69
	54	13	13	13	13	77
	22	22	14	14	22	22
	46	46	30	46	70	70
	21	21	5	21	21	21
	53	6	6	53	53	78
	54	54	29	45	54	77
	30	69	30	69	69	69
	5	5	5	14	5	5
	29	70	70	13	78	78
	53	22	6	45	77	77
	54	46	30	46	21	46
	14	14	29	14	14	45
	13	13	13	13	22	22
	6	6	6	70	6	6
	53	53	69	69	78	78
	54	54	30	54	21	77
	29	5	29	45	5	45
	70	70	70	46	22	46
	14	21	30	14	21	77
	53	69	69	13	53	69
	78	78	29	45	78	78
	5	22	30	5	22	5
	54	54	70	6	77	77
	13	13	13	13	21	46
	14	29	29	14	6	45
	53	53	30	53	22	46
	70	70	70	70	21	77
	69	69	69	69	69	45
	54	54	30	5	78	78
	6	6	29	6	6	6
	46	77	22	14	22	46
	13	21	21	13	21	45
	5	53	30	5	5	5
	77	54	29	14	70	77
	78	78	69	78	45	78
	46	53	30	13	22	46
	54	54	29	14	70	70
	45	69	21	6	21	45
	77	53	30	77	22	77
	13	5	29	13	13	5
	14	69	14	14	14	46
	6	6	70	6	22	70
	78	54	30	78	21	30
	53	53	45	29	45	45
	69	69	69	5	69	69
	46	46	46	77	46	46
	22	54	22	13	22	70
	21	29	21	29	21	29
	78	78	14	78	14	30
	5	53	5	5	13	70
	6	6	6	6	45	6
	77	77	54	77	77	30
	70	53	13	13	13	70
	45	69	22	22	22	69
	46	54	14	78	14	46
	21	29	21	29	21	29
	45	30	30	30	30	30
	5	53	5	5	70	70
	77	54	54	77	77	69
	78	78	6	78	78	46
	13	22	13	22	13	13
	45	53	14	45	14	45
	21	21	69	21	21	29
	46	70	6	46	70	70
	22	54	54	77	30	30
	69	53	5	29	69	69
	14	78	14	78	14	14
	13	22	6	77	13	13
	45	53	5	45	29	29
	46	46	46	46	70	46
	21	54	54	21	30	30
	22	22	6	77	77	22
	69	53	5	78	78	69
	70	70	13	70	70	70
	45	29	14	45	14	29
	21	21	6	21	30	21
	69	54	5	77	13	13
	22	53	53	46	78	22
	30	30	6	30	30	30
	29	54	14	45	14	29
	69	69	5	77	77	69
	46	70	46	78	78	78
	22	22	13	45	13	13
	21	53	6	21	6	6
	54	54	54	70	5	54
	29	29	14	29	14	29
	45	53	53	77	77	77
	46	69	5	46	69	69
	30	22	30	30	30	30
	70	70	70	70	70	70
	21	21	13	78	78	78
	45	6	6	45	6	6
	22	14	14	14	14	14
	5	54	5	46	5	5
	53	53	53	77	13	77
	29	69	29	29	29	69
	22	22	54	22	22	22
	21	21	30	21	21	21
	45	13	13	45	78	78
	6	6	6	46	46	46
	54	70	70	70	77	70
	5	5	5	69	5	5
	30	14	30	14	14	14
	53	53	53	45	53	53
	29	13	29	13	77	77
	54	22	54	69	78	78
	6	21	6	46	6	6
	30	45	30	45	45	45
	22	22	70	70	22	22
	29	13	69	69	21	77
	5	14	5	46	46	46
	53	78	53	78	78	78
	54	54	54	54	54	54
	29	13	29	13	21	77
	30	14	30	70	70	14
	6	6	69	69	6	6
	5	45	45	45	45	45
	22	22	22	46	22	22
	21	21	21	21	21	21
	77	53	77	13	77	77
	29	70	29	70	78	5
	30	14	30	14	69	14
	46	54	46	46	46	46
	53	53	53	13	53	13
	6	6	78	6	78	6
	5	5	5	5	5	5
	69	69	69	69	69	69
	45	54	29	45	45	45
	70	70	70	70	70	70
	30	22	30	14	22	22
	77	21	77	13	21	77
	78	54	78	46	78	46
	29	53	29	14	29	29
	6	6	30	6	6	6
	13	13	13	13	13	13
	5	54	45	45	45	45
	69	53	69	69	21	69
	14	14	22	14	22	14
	46	46	46	46	46	46
	70	70	77	70	70	70
	30	30	30	5	30	30
	78	54	78	21	78	29
	6	53	53	6	53	6
	77	77	77	45	22	45
	13	5	21	5	21	69
	14	54	29	14	29	29
	13	53	22	22	22	69
	70	46	46	46	46	70
	78	54	78	6	45	30
	69	5	21	5	21	69
	13	53	77	77	13	13
	14	14	14	14	14	14
	45	54	30	6	45	30
	70	29	29	29	70	29
	22	53	22	22	22	22
	78	78	78	21	69	69
	46	46	46	5	46	46
	77	54	77	6	13	77
	45	53	45	30	30	30
	70	70	70	21	70	70
	69	54	14	5	14	69
	13	6	13	6	13	29
	78	53	78	78	22	22
	45	21	21	21	21	21
	77	54	77	5	29	29
	46	46	46	30	46	30
	69	53	14	22	14	69
	45	45	45	6	13	70
	54	54	5	5	5	78
	70	53	77	22	29	77
	69	30	13	21	13	30
	46	6	6	6	14	78
	70	29	54	22	29	29
	45	53	53	21	45	21
	69	69	69	5	69	69
	46	46	14	77	14	77
	70	30	13	78	13	78
	54	54	54	22	22	22
	45	21	6	6	6	21
	5	53	5	5	5	5
	70	29	70	29	29	29
	46	30	46	30	30	30
	14	45	14	77	14	77
	13	22	13	78	78	78
	69	53	53	69	69	69
	54	54	54	21	6	21
	70	45	45	70	70	70
	5	22	46	22	22	22
	13	53	13	77	77	77
	14	29	14	29	14	14
	6	21	6	30	6	6
	5	46	46	78	78	78
	54	54	45	69	69	69
	53	53	53	13	13	13
	5	21	30	30	5	21
	29	22	29	29	70	70
	14	45	45	77	77	77
	6	54	46	46	78	54
	5	22	53	22	69	22
	14	21	30	14	14	14
	13	70	13	70	13	13
	6	69	45	78	78	78
	5	21	29	29	5	53
	54	77	54	77	77	54
	6	46	30	46	6	46
	69	69	45	69	22	22
	70	70	53	70	21	53
	14	78	30	14	14	14
	5	21	29	13	5	13
