	48	48	49	49	49	50
	51	51	51	51	51	51
	52	52	52	52	52	52
	53	53	53	53	53	53
	54	54	54	54	54	54
	55	50	50	50	50	50
	49	49	48	48	48	48
	51	51	51	51	51
	52	52	52	52
	48	53	53	53	53	53
	50	50	50	50	50	50
	54	54	54	54	54	54
	48	48	51	51	51	51
	53	53	53	53	53	53
	48	48	52	52	52	52
	50	50	50	50	50	50
	51	51	51	51	51	51
	54	54	54	54	54	54
	53	53	53	53	53
	52	52	52	52	52	52
	49	49	48	48	50	50
	51	51	51	51	51	51
	54	54	54	54	54	54
	50	50	50	50	50	50
	53	53	53	53	53	53
	52	52	52	52	52	52
	51	51	51	51	51	51
	54	54	54	54	54	54
	50	50	50	50	50	50
	53	53	53	53	53
	52	52	52	52	52	52
	51	51	51	51	51	51
	54	54	54	54	54	54
	50	50	50	50	50	50
	52	52	52	52	52	52
	53	53	53	53	53	53
	51	51	51	51	51	51
	54	54	54	54	54	54
	50	50	50	50	50	50
	52	52	52	52	52	52
	55	49	49	48	48	53
	51	51	51	51	51	51
	54	54	54	54	54	54
	53	53	53	53	53	53
	50	50	50	50	50	50
	52	52	52	52	52	52
	51	51	51	51	51	51
	54	54	54	54	54	54
	53	53	53	53	53	53
	50	50	50	50	50	50
	52	52	52	52	52	52
	51	51	51	51	51	51
	54	54	54	54	54	54
	53	53	53	53	53	53
	50	50	50	50	50	50
	52	52	52	52	52	52
	51	51	51	51	51	51
	54	54	54	54	54	54
	53	53	53	53	53	53
	50	50	50	50	50	50
	49	49	48	48	48	52
	51	51	51	51	51	51
	52	52	52	52	52
	54	54	54	54	54	54
	53	53	53	53	53	53
	50	50	50	50	50	50
	51	51	51	51	51	51
	54	54	54	54	54	54
	52	52	52	52	52	52
	53	53	53	53	53	53
	50	50	50	50	50	50
	51	51	51	51	51	51
	54	54	54	54	54	54
	52	52	52	52	52	52
	53	53	53	53	53	53
	50	50	50	50	50	50
	51	51	51	51	51	51
	54	54	54	54	54	54
	52	52	52	52	52	52
	53	53	53	53	53	53
	55	48	48	49	49	49
	49	49	55	48	48	48
	50	50	50	50	50
	51	51	51	51	51	51
	52	52	52	52	52	52
	48	54	54	54	54	54
	53	53	53	53	53	53
	48	51	51	51	51	51
	52	52	52	52	52	52
	54	54	54	54	54	54
	48	50	50	50	50	50
	53	53	53	53	53	53
	51	51	51	51	51	51
	52	52	52	52	52	52
	54	54	54	54	54	54
	50	50	50	50	50	50
	53	53	53	53	53	53
	51	51	51	51	51	51
	52	52	52	52	52	52
	50	50	50	50	50	50
	54	54	54	54	54	54
	51	51	51	51	51	51
	53	53	53	53	53	53
	52	52	52	52	52	52
	50	50	50	50	50	50
	54	54	54	54	54	54
	51	51	51	51	51	51
	53	53	53	53	53	53
	52	52	52	52	52	52
	50	50	50	50	50	50
	54	54	54	54	54	54
	51	51	51	51	51	51
	53	53	53	53	53	53
	52	52	52	52	52	52
	50	50	50	50	50	50
	54	54	54	54	54	54
	51	51	51	51	51	51
	53	53	53	53	53	53
	52	52	52	52	52	52
	50	50	50	50	50	50
	54	54	54	54	54	54
	51	51	51	51	51	51
	53	53	53	53	53	53
	52	52	52	52	52	52
	50	50	50	50	50	50
	54	54	54	54	54
	53	53	53	53	53
	51	51	51	51	51	51
	52	52	52	52	52	52
	50	50	50	50	50	50
	54	54	54	54	54	54
	53	53	53	53	53	53
	51	51	51	51	51	51
	52	52	52	52	52	52
	50	50	50	50	50	50
	54	54	54	54	54	54
	53	53	53	53	53	53
	51	51	51	51	51	51
	52	52	52	52	52
	50	50	50	50	50	50
	54	54	54	54	54	54
	53	53	53	53	53	53
	51	51	51	51	51	51
	50	50	50	50	50	50
	52	52	52	52	52	52
	54	54	54	54	54	54
	53	53	53	53	53	53
	51	51	51	51	51	51
	50	50	50	50	50	50
	52	52	52	52	52	52
	54	54	54	54	54	54
	53	53	53	53	53	53
	51	51	51	51	51	51
	50	50	50	50	50	50
	52	52	52	52	52	52
	54	54	54	54	54	54
	53	53	53	53	53	53
	51	51	51	51	51	51
	50	50	50	50	50	50
	52	52	52	52	52	52
	54	54	54	54	54	54
	53	53	53	53	53	53
	51	51	51	51	51	51
	50	50	50	50	50	50
	52	52	52	52	52	52
	54	54	54	54	54	54
	53	53	53	53	53	53
	51	51	51	51	51	51
	50	50	50	50	50	50
	52	52	52	52	52	52
	54	54	54	54	54	54
	53	53	53	53	53	53
	51	51	51	51	51	51
	50	50	50	50	50	50
	52	52	52	52	52	52
	54	54	54	54	54	54
	53	53	53	53	53	53
	51	51	51	51	51	51
	50	50	50	50	50	50
	52	52	52	52	52	52
	54	54	54	54	54	54
	53	53	53	53	53	53
	51	51	51	51	51	51
	50	50	50	50	50	50
	52	52	52	52	52	52
	54	54	54	54	54	54
	53	53	53	53	53	53
	51	51	51	51	51	51
	50	50	50	50	50	50
	52	52	52	52	52	52
	54	54	54	54	54
	53	53	53	53	53
	51	51	51	51	51	51
	50	50	50	50	50	50
	52	52	52	52	52	52
	54	54	54	54	54	54
	53	53	53	53	53	53
	51	51	51	51	51	51
	50	50	50	50	50	50
	52	52	52	52	52
	54	54	54	54	54	54
	53	53	53	53	53	53
	51	51	51	51	51	51
	50	50	50	50	50	50
	52	52	52	52	52	52
	54	54	54	54	54
	53	53	53	53	53	53
	50	50	50	50	50	50
	51	51	51	51	51	51
	52	52	52	52	52	52
	53	53	53	53	53	53
	54	54	54	54	54	54
	50	50	50	50	50	50
	51	51	51	51	51	51
	52	52	52	52	52	52
	53	53	53	53	53	53
	54	54	54	54	54	54
	50	50	50	50	50	50
	51	51	51	51	51	51
	52	52	52	52	52	52
	53	53	53	53	53	53
	54	54	54	54	54	54
	50	50	50	50	50	50
	51	51	51	51	51	51
	52	52	52	52	52	52
	53	53	53	53	53	53
	54	54	54	54	54	54
	50	50	50	50	50	50
	51	51	51	51	51	51
	52	52	52	52	52
	53	53	53	53	53	53
	54	54	54	54	54	54
	51	51	51	51	51	51
	50	50	50	50	50	50
	53	53	53	53	53	53
	52	52	52	52	52	52
	54	54	54	54	54	54
	51	51	51	51	51	51
	50	50	50	50	50	50
	52	52	52	52	52	52
	53	53	53	53	53	53
	54	54	54	54	54	54
	51	51	51	51	51	51
	50	50	50	50	50	50
	52	52	52	52	52	52
	53	53	53	53	53	53
	54	54	54	54	54
	51	51	51	51	51	51
	50	50	50	50	50	50
	52	52	52	52	52	52
	53	53	53	53	53	53
	54	54	54	54	54	54
	51	51	51	51	51	51
	50	50	50	50	50	50
	52	52	52	52	52	52
	53	53	53	53	53	53
	54	54	54	54	54	54
	51	51	51	51	51
	50	50	50	50	50
	52	52	52	52	52	52
	53	53	53	53	53	53
	54	54	54	54	54	54
	52	52	52	52	52	52
	51	51	51	51	51	51
	53	53	53	53	53	53
	50	50	50	50	50	50
	54	54	54	54	54	54
	52	52	52	52	52	52
	51	51	51	51	51	51
	53	53	53	53	53	53
	50	50	50	50	50	50
	54	54	54	54	54	54
	52	52	52	52	52	52
	51	51	51	51	51	51
	53	53	53	53	53	53
	50	50	50	50	50	50
	54	54	54	54	54	54
	52	52	52	52	52	52
	51	51	51	51	51	51
	53	53	53	53	53	53
	54	54	54	54	54	54
	50	50	50	50	50	50
	52	52	52	52	52	52
	51	51	51	51	51	51
	53	53	53	53	53	53
	54	54	54	54	54	54
	50	50	50	50	50	50
	52	52	52	52	52	52
	51	51	51	51	51	51
	53	53	53	53	53	53
	54	54	54	54	54	54
	50	50	50	50	50	50
	52	52	52	52	52	52
	51	51	51	51	51	51
	53	53	53	53	53	53
	54	54	54	54	54	54
	50	50	50	50	50	50
	52	52	52	52	52	52
	51	51	51	51	51	51
	53	53	53	53	53	53
	54	54	54	54	54	54
	50	50	50	50	50	50
	52	52	52	52	52	52
	51	51	51	51	51	51
	53	53	53	53	53	53
	54	54	54	54	54	54
	50	50	50	50	50	50
	52	52	52	52	52	52
	51	51	51	51	51	51
	53	53	53	53	53	53
	54	54	54	54	54	54
	50	50	50	50	50	50
	52	52	52	52	52	52
	51	51	51	51	51	51
	53	53	53	53	53	53
	54	54	54	54	54	54
	50	50	50	50	50	50
	52	52	52	52	52	52
	51	51	51	51	51	51
	53	53	53	53	53	53
	54	54	54	54	54	54
	52	52	52	52	52	52
	50	50	50	50	50
	51	51	51	51	51	51
	53	53	53	53	53	53
	54	54	54	54	54	54
	52	52	52	52	52	52
	51	51	51	51	51	51
	50	50	50	50	50	53
	54	54	54	54	54	54
	53	53	53	53	53	53
	51	51	51	51	51	51
	54	54	54	54	54	54
	53	53	53	53	53	53
	51	51	51	51	51
	54	54	54	54	54	54
	53	53	53	53	53	53
	54	54	54	54	54	54
	53	53	53	53	53	53
	54	54	54	54	54	54
	53	53	53	53	53	53
	54	54	54	54	54	54
	53	53	53	53	53	53
	54	54	54	54	54	54
	53	53	53	53	53	53
	54	54	54	54	54	54
	53	53	53	53	53	53
	54	54	54	54	54	54
	53	53	53	53	53	53
	54	54	54	54	54
	53	53	53	53	53	53
	54	54	54	54	54
	53	53	53	53	53	53
	54	54	54	54	54	54
	53	53	53	53	53	53
	54	54	54	54	54	54
	53	53	53	53	53	53
	54	54	54	54	54	54
	53	53	53	53	53	53
	54	54	54	54	54	54
	53	53	53	53	53	53
	54	54	54	54	54
	53	53	53	53	53
	54	54	54	54	54	54
	53	53	53	53	53	53
	54	54	54	54	54	54
	53	53	53	53	53	53
	54	54	54	54	54	54
	53	53	53	53	53	53
	54	54	54	54	54	54
	53	53	53	53	53	53
	54	54	54	54	54	54
	53	53	53	53	53	53
	54	54	54	54	54	54
	53	53	53	53	53
	54	54	54	54	54
	53	53	53	53	53	53
	54	54	54	54	54	54
	53	53	53	53	53	53
	54	54	54	54	54	54
	53	53	53	53	53	53
	54	54	54	54	54	54
	53	53	53	53	53	53
	54	54	54	54	54	54
	53	53	53	53	53	53
	54	54	54	54	54	54
	53	53	53	53	53	53
	54	54	54	54	54	54
	53	53	53	53	53	53
	54	54	54	54	54	54
	53	53	53	53	53	53
	54	54	54	54	54	54
	53	53	53	53	53	53
	54	54	54	54	54	54
	53	53	53	53	53	53
	54	54	54	54	54	54
	53	53	53	53	53	53
	54	54	54	54	54	54
	53	53	53	53	53	53
	54	54	54	54	54	54
	53	53	53	53	53	53
	54	54	54	54	54	54
	53	53	53	53	53	53
	54	54	54	54	54	54
	53	53	53	53	53	53
	54	54	54	54	54	54
	53	53	53	53	53	53
	54	54	54	54	54	54
	53	53	53	53	53	53
	54	54	54	54	54	54
	53	53	53	53	53	53
	54	54	54	54	54	54
	53	53	53	53	53	53
	54	54	54	54	54	54
	53	53	53	53	53	53
	54	54	54	54	54	54
	53	53	53	53	53	53
	54	54	54	54	54	54
	53	53	53	53	53	53
	54	54	54	54	54	54
	53	53	53	53	53	53
	54	54	54	54	54	54
	53	53	53	53	53	53
	54	54	54	54	54	54
	53	53	53	53	53	53
	54	54	54	54	54	54
	53	53	53	53	53	53
	54	54	54	54	54	54
	53	53	53	53	53	53
	54	54	54	54	54	54
	53	53	53	53	53	53
	54	54	54	54	54	54
	53	53	53	53	53	53
	54	54	54	54	54	54
	53	53	53	53	53	53
	54	54	54	54	54	54
	53	53	53	53	53	53
	54	54	54	54	54	54
	53	53	53	53	53
	54	54	54	54	54	54
	53	53	53	53	53	53
	54	54	54	54	54	54
	53	53	53	53	53	53
	54	54	54	54	54	54
	53	53	53	53	53	53
	54	54	54	54	54	54
	53	53	53	53	53	53
	54	54	54	54	54	54
	53	53	53	53	53	53
	54	54	54	54	54	54
	53	53	53	53	53	53
	54	54	54	54	54	54
	53	53	53	53	53	53
	54	54	54	54	54	54
	53	53	53	53	53
	54	54	54	54	54	54
	53	53	53	53	53
	54	54	54	54	54	54
	53	53	53	53	53	53
	54	54	54	54	54	54
	53	53	53	53	53	53
	54	54	54	54	54	54
	53	53	53	53	53	53
	54	54	54	54	54	54
	53	53	53	53	53	53
	54	54	54	54	54	54
	53	53	53	53	53	53
	54	54	54	54	54	54
	53	53	53	53	53
	54	54	54	54	54	54
	54	54	54	54	54	54
	53	53	53	53	53	53
	54	54	54	54	54	54
	53	53	53	53	53	53
	54	54	54	54	54	54
	53	53	53	53	53	53
	54	54	54	54	54	54
	53	53	53	53	53	53
	54	54	54	54	54	54
	53	53	53	53	53	53
	54	54	54	54	54	54
	53	53	53	53	53	53
	54	54	54	54	54	54
	53	53	53	53	53	53
	54	54	54	54	54	54
	53	53	53	53	53	53
	54	54	54	54	54	54
	53	53	53	53	53	53
	54	54	54	54	54	54
	53	53	53	53	53	53
	54	54	54	54	54	54
	53	53	53	53	53	53
	54	54	54	54	54
	53	53	53	53	53	53
	53	53	53	53	53	53
	54	54	54	54	54	54
	53	53	53	53	53	53
	54	54	54	54	54	54
	53	53	53	53	53	53
	54	54	54	54	54	54
	53	53	53	53	53	53
	54	54	54	54	54	54
	53	53	53	53	53	53
	54	54	54	54	54	54
	53	53	53	53	53	53
	54	54	54	54	54	54
	53	53	53	53	53	53
	54	54	54	54	54	54
	53	53	53	53	53	53
	54	54	54	54	54	54
	53	53	53	53	53	53
	54	54	54	54	54	54
	53	53	53	53	53	53
	54	54	54	54	54	54
	53	53	53	53	53	53
	54	54	54	54	54	54
	53	53	53	53	53	53
	54	54	54	54	54
	53	53	53	53	53	53
	53	53	53	53	53	53
	54	54	54	54	54	54
	53	53	53	53	53	53
	54	54	54	54	54	54
	53	53	53	53	53	53
	54	54	54	54	54	54
	53	53	53	53	53	53
	54	54	54	54	54	54
	53	53	53	53	53	53
	54	54	54	54	54	54
	53	53	53	53	53	53
	54	54	54	54	54	54
	53	53	53	53	53	53
	54	54	54	54	54	54
	53	53	53	53	53	53
	54	54	54	54	54	54
	53	53	53	53	53	53
	54	54	54	54	54	54
	53	53	53	53	53	53
	54	54	54	54	54	54
	53	53	53	53	53	53
	54	54	54	54	54
	53	53	53	53	53	53
	54	54	54	54	54	54
	53	53	53	53	53	53
	54	54	54	54	54	54
	53	53	53	53	53	53
	54	54	54	54	54	54
	53	53	53	53	53	53
	54	54	54	54	54	54
	53	53	53	53	53	53
	54	54	54	54	54	54
	53	53	53	53	53	53
	54	54	54	54	54	54
	53	53	53	53	53	53
	54	54	54	54	54	54
	53	53	53	53	53	53
	54	54	54	54	54	54
	53	53	53	53	53	53
	54	54	54	54	54	54
	53	53	53	53	53	53
	54	54	54	54	54	54
	53	53	53	53	53	53
	54	54	54	54	54	54
	53	53	53	53	53	53
	54	54	54	54	54	54
	53	53	53	53	53	53
	54	54	54	54	54	54
	53	53	53	53	53	53
	54	54	54	54	54	54
	53	53	53	53	53	53
	54	54	54	54	54
	53	53	53	53	53
	54	54	54	54	54
	53	53	53	53	53
	54	54	54	54	54
	53	53	53	53
	54	54	54	54	54	54
	53	53	53	53	53	53
	54	54	54	54	54	54
	53	53	53	53	53	53
	54	54	54	54	54	54
	53	53	53	53	53	53
	54	54	54	54	54	54
	53	53	53	53	53	53
	54	54	54	54	54	54
	53	53	53	53	53	53
	54	54	54	54	54	54
	53	53	53	53	53	53
	54	54	54	54	54	54
	53	53	53	53	53	53
	54	54	54	54	54	54
	53	53	53	53	53	53
	54	54	54	54	54	54
	53	53	53	53	53
	54	54	54	54	54
	53	53	53	53	53	53
	54	54	54	54	54	54
	53	53	53	53	53	53
	54	54	54	54	54	54
	53	53	53	53	53	53
	54	54	54	54	54	54
	53	53	53	53	53	53
	54	54	54	54	54	54
	53	53	53	53	53	53
	54	54	54	54	54	54
	53	53	53	53	53	53
	54	54	54	54	54	54
	53	53	53	53	53	53
	54	54	54	54	54	54
	53	53	53	53	53	53
	54	54	54	54	54	54
	53	53	53	53	53	53
	54	54	54	54	54	54
	53	53	53	53	53
	54	54	54	54	54
	53	53	53	53	53	53
	54	54	54	54	54	54
	53	53	53	53	53	53
	54	54	54	54	54	54
	53	53	53	53	53	53
	54	54	54	54	54	54
	53	53	53	53	53	53
	54	54	54	54	54	54
	53	53	53	53	53	53
	54	54	54	54	54	54
	53	53	53	53	53	53
	54	54	54	54	54	54
	53	53	53	53	53	53
	54	54	54	54	54	54
	53	53	53	53	53	53
	54	54	54	54	54	54
	53	53	53	53	53	53
	54	54	54	54	54	54
	53	53	53	53	53	53
	54	54	54	54	54	54
	53	53	53	53	53	53
	54	54	54	54	54	54
	53	53	53	53	53	53
	54	54	54	54	54	54
	53	53	53	53	53	53
	54	54	54	54	54	54
	53	53	53	53	53	53
	54	54	54	54	54	54
	53	53	53	53	53	53
	54	54	54	54	54	54
	53	53	53	53	53	53
	54	54	54	54	54	54
	53	53	53	53	53
	54	54	54	54	54
	53	53	53	53	53	53
	54	54	54	54	54	54
	53	53	53	53	53	53
	54	54	54	54	54
	53	53	53	53	53	53
	54	54	54	54	54	54
	53	53	53	53	53	53
	54	54	54	54	54	54
	53	53	53	53	53	53
	54	54	54	54	54	54
	53	53	53	53	53	53
	54	54	54	54	54	54
	53	53	53	53	53	53
	54	54	54	54	54	54
	53	53	53	53	53	53
	54	54	54	54	54	54
	53	53	53	53	53	53
	54	54	54	54	54	54
	53	53	53	53	53
	54	54	54	54	54
	53	53	53	53	53	53
	54	54	54	54	54	54
	53	53	53	53	53	53
	54	54	54	54	54	54
	53	53	53	53	53	53
	54	54	54	54	54	54
	53	53	53	53	53	53
	54	54	54	54	54	54
	53	53	53	53	53	53
	54	54	54	54	54	54
	53	53	53	53	53	53
	54	54	54	54	54
	53	53	53	53	53	53
	54	54	54	54	54	54
	53	53	53	53	53	53
	54	54	54	54	54	54
	53	53	53	53	53	53
	54	54	54	54	54	54
	53	53	53	53	53	53
	54	54	54	54	54	54
	53	53	53	53	53	53
	54	54	54	54	54	54
	53	53	53	53	53	53
	54	54	54	54	54	54
	53	53	53	53	53	53
	54	54	54	54	54	54
	53	53	53	53	53	53
	54	54	54	54	54	54
	53	53	53	53	53	53
	54	54	54	54	54	54
	53	53	53	53	53	53
	54	54	54	54	54	54
	53	53	53	53	53	53
	54	54	54	54	54	54
	53	53	53	53	53	53
	54	54	54	54	54	54
	53	53	53	53	53	53
	54	54	54	54	54	54
	53	53	53	53	53	53
	54	54	54	54	54	54
	53	53	53	53	53	53
	54	54	54	54	54	54
	53	53	53	53	53	53
	54	54	54	54	54	54
	53	53	53	53	53	53
	54	54	54	54	54	54
	53	53	53	53	53	53
	54	54	54	54	54	54
	53	53	53	53	53	53
	54	54	54	54	54	54
	53	53	53	53	53	53
	54	54	54	54	54	54
	53	53	53	53	53	53
	54	54	54	54	54	54
	53	53	53	53	53	53
	54	54	54	54	54	54
	53	53	53	53	53	53
	54	54	54	54	54	54
	53	53	53	53	53	53
	54	54	54	54	54	54
	53	53	53	53	53	53
	54	54	54	54	54	54
	53	53	53	53	53	53
	54	54	54	54	54	54
	53	53	53	53	53	53
	54	54	54	54	54	54
	53	53	53	53	53
	54	54	54	54	54	54
	54	54	54	54	54	54
	53	53	53	53	53	53
	54	54	54	54	54	54
	53	53	53	53	53	53
	54	54	54	54	54	54
	53	53	53	53	53	53
	54	54	54	54	54	54
	53	53	53	53	53
	54	54	54	54	54	54
	53	53	53	53	53	53
	54	54	54	54	54	54
	53	53	53	53	53
	54	54	54	54	54
	53	53	53	53	53	53
	54	54	54	54	54	54
	53	53	53	53	53	53
	54	54	54	54	54	54
	53	53	53	53	53	53
	54	54	54	54	54	54
	53	53	53	53	53	53
	54	54	54	54	54	54
	53	53	53	53	53	53
	54	54	54	54	54	54
	53	53	53	53	53	53
	54	54	54	54	54	54
	53	53	53	53	53	53
	54	54	54	54	54	54
	53	53	53	53	53
	54	54	54	54	54	54
	53	53	53	53	53	53
	54	54	54	54	54	54
	53	53	53	53	53	53
	54	54	54	54	54	54
	53	53	53	53	53	53
	54	54	54	54	54	54
	53	53	53	53	53	53
	54	54	54	54	54
	53	53	53	53	53	53
	54	54	54	54	54	54
	53	53	53	53	53	53
	54	54	54	54	54	54
	53	53	53	53	53	53
	54	54	54	54	54	54
	53	53	53	53	53	53
	54	54	54	54	54	54
	53	53	53	53	53	53
	54	54	54	54	54	54
	53	53	53	53	53	53
	54	54	54	54	54	54
	53	53	53	53	53	53
	54	54	54	54	54	54
	53	53	53	53	53	53
	54	54	54	54	54	54
	53	53	53	53	53	53
	54	54	54	54	54	54
	53	53	53	53	53	53
	54	54	54	54	54	54
	53	53	53	53	53	53
	54	54	54	54	54	54
	53	53	53	53	53	53
	54	54	54	54	54	54
	53	53	53	53	53	53
	54	54	54	54	54	54
	53	53	53	53	53	53
	54	54	54	54	54	54
	53	53	53	53	53
	54	54	54	54	54
	53	53	53	53	53	53
	54	54	54	54	54	54
	53	53	53	53	53	53
	54	54	54	54	54	54
	53	53	53	53	53	53
	54	54	54	54	54	54
	53	53	53	53	53	53
	54	54	54	54	54	54
	53	53	53	53	53	53
	54	54	54	54	54	54
	53	53	53	53	53	53
	54	54	54	54	54	54
	53	53	53	53	53	53
	54	54	54	54	54	54
	53	53	53	53	53	53
	54	54	54	54	54	54
	53	53	53	53	53	53
	54	54	54	54	54	54
	53	53	53	53	53	53
	54	54	54	54	54	54
	53	53	53	53	53	53
	54	54	54	54	54	54
	53	53	53	53	53	53
	54	54	54	54	54	54
	53	53	53	53	53	53
	54	54	54	54	54	54
	53	53	53	53	53	53
	54	54	54	54	54	54
	53	53	53	53	53	53
	54	54	54	54	54	54
	53	53	53	53	53	53
	54	54	54	54	54	54
	53	53	53	53
	54	54	54	54	54	54
	54	54	54	54	54	54
	53	53	53	53	53	53
	54	54	54	54	54	54
	53	53	53	53	53	53
	54	54	54	54	54	54
	53	53	53	53	53	53
	54	54	54	54	54	54
	53	53	53	53	53	53
	54	54	54	54	54	54
	53	53	53	53	53	53
	54	54	54	54	54	54
	53	53	53	53	53	53
	54	54	54	54	54	54
	53	53	53	53	53	53
	54	54	54	54	54	54
	53	53	53	53	53	53
	54	54	54	54	54	54
	53	53	53	53	53	53
	54	54	54	54	54
	53	53	53	53	53	53
	53	53	53	53	53	53
	54	54	54	54	54	54
	53	53	53	53	53	53
	54	54	54	54	54	54
	53	53	53	53	53	53
	54	54	54	54	54	54
	53	53	53	53	53	53
	54	54	54	54	54	54
	53	53	53	53	53	53
	54	54	54	54	54	54
	53	53	53	53	53	53
	54	54	54	54	54	54
	53	53	53	53	53	53
	54	54	54	54	54	54
	53	53	53	53	53	53
	54	54	54	54	54	54
	53	53	53	53	53	53
	54	54	54	54	54	54
	53	53	53	53	53	53
	54	54	54	54	54	54
	53	53	53	53	53	53
	54	54	54	54	54	54
	53	53	53	53	53	53
	54	54	54	54	54	54
	53	53	53	53	53	53
	54	54	54	54	54	54
	53	53	53	53	53	53
	54	54	54	54	54
	53	53	53	53	53	53
	54	54	54	54	54	54
	53	53	53	53	53	53
	54	54	54	54	54	54
	53	53	53	53	53	53
	54	54	54	54	54	54
	53	53	53	53	53	53
	54	54	54	54	54	54
	53	53	53	53	53	53
	54	54	54	54	54	54
	53	53	53	53	53	53
	54	54	54	54	54	54
	53	53	53	53	53	53
	54	54	54	54	54
	53	53	53	53	53	53
	53	53	53	53	53	53
	54	54	54	54	54	54
	53	53	53	53	53	53
	54	54	54	54	54	54
	53	53	53	53	53	53
	54	54	54	54	54	54
	53	53	53	53	53	53
	54	54	54	54	54	54
	53	53	53	53	53	53
	54	54	54	54	54	54
	53	53	53	53	53	53
	54	54	54	54	54	54
	53	53	53	53	53	53
	54	54	54	54	54	54
	53	53	53	53	53	53
	54	54	54	54	54	54
	53	53	53	53	53	53
	54	54	54	54	54	54
	53	53	53	53	53	53
	54	54	54	54	54	54
	53	53	53	53	53	53
	54	54	54	54	54	54
	53	53	53	53	53	53
	54	54	54	54	54	54
	53	53	53	53	53	53
	54	54	54	54	54	54
	53	53	53	53	53	53
	54	54	54	54	54	54
	53	53	53	53	53	53
	54	54	54	54	54	54
	53	53	53	53	53	53
	54	54	54	54	54	54
	53	53	53	53	53	53
	54	54	54	54	54	54
	53	53	53	53	53	53
	54	54	54	54	54	54
	53	53	53	53	53	53
	54	54	54	54	54	54
	53	53	53	53	53	53
	54	54	54	54	54	54
	53	53	53	53	53	53
	54	54	54	54	54	54
	53	53	53	53	53	53
	54	54	54	54	54	54
	53	53	53	53	53	53
	54	54	54	54	54	54
	53	53	53	53	53
	54	54	54	54	54	54
	53	53	53	53	53	53
	54	54	54	54	54	54
	53	53	53	53	53	53
	54	54	54	54	54	54
	53	53	53	53	53	53
	54	54	54	54	54	54
	53	53	53	53	53	53
	54	54	54	54	54	54
	53	53	53	53	53	53
	54	54	54	54	54	54
	53	53	53	53	53	53
	54	54	54	54	54	54
	53	53	53	53	53
	54	54	54	54	54	54
	53	53	53	53	53	53
	54	54	54	54	54	54
	53	53	53	53	53	53
	54	54	54	54	54	54
	53	53	53	53	53	53
	54	54	54	54	54	54
	53	53	53	53	53	53
	54	54	54	54	54	54
	53	53	53	53	53	53
	54	54	54	54	54	54
	53	53	53	53	53	53
	54	54	54	54	54	54
	53	53	53	53	53	53
	54	54	54	54	54	54
	53	53	53	53	53	53
	54	54	54	54	54	54
	53	53	53	53	53	53
	54	54	54	54	54	54
	53	53	53	53
	54	54	54	54	54
	53	53	53	53	53	53
	54	54	54	54	54	54
	53	53	53	53	53	53
	54	54	54	54	54	54
	53	53	53	53	53	53
	54	54	54	54	54	54
	53	53	53	53	53	53
	54	54	54	54	54	54
	53	53	53	53	53
	54	54	54	54	54	54
	53	53	53	53	53	53
	54	54	54	54	54	54
	53	53	53	53	53	53
	54	54	54	54	54	54
	53	53	53	53	53	53
	54	54	54	54	54	54
	53	53	53	53	53	53
	54	54	54	54	54	54
	40	64	40	65	66	66
	41	67	41	67	67	67
	42	68	42	68	68	68
	69	69	43	69	69	69
	70	70	44	70	70	70
	71	45	45	45	45	45
	46	46	46	46	46	46
	47	66	43	43	66	66
	44	44	44	44	44	44
	42	42	42	42	42	42
	67	67	53	67	67	67
	68	68	54	68	68	68
	69	69	43	69	69	69
	70	70	45	70	70	70
	66	66	53	66	66	66
	54	46	54	46	46	46
	43	43	43	43	43	43
	45	45	45	45	45	45
	44	44	44	44	44	44
	67	67	53	42	42	67
	64	65	40	41	68	68
	69	69	54	69	69	69
	70	70	53	70	70	70
	66	66	46	66	66	46
	42	42	42	42	68	42
	54	43	54	43	67	43
	45	45	53	45	68	45
	44	44	44	44	67	44
	46	46	46	46	69	46
	68	68	53	68	68	68
	70	70	54	70	70	70
	66	66	66	66	66	66
	67	67	67	67	67	67
	69	69	43	69	69	43
	42	53	53	42	42	42
	45	54	54	45	45	45
	44	68	44	68	68	68
	46	70	46	46	70	46
	43	53	43	43	66	43
	69	54	69	69	69	69
	71	47	47	65	64	40
	41	41	41	40	40	67
	42	53	42	66	66	66
	44	54	70	70	70	70
	45	45	68	68	68	68
	67	53	67	67	67	67
	46	54	54	69	46	46
	43	43	66	66	43	43
	44	44	53	44	44	44
	42	42	42	42	42	69
	45	45	45	45	45	70
	46	53	68	68	68	68
	43	54	54	69	69	54
	66	53	66	66	66	66
	70	46	70	70	70	70
	67	44	67	67	67	67
	42	42	42	42	69	69
	43	43	43	43	68	53
	46	46	46	46	54	54
	45	45	45	45	53	45
	65	64	64	41	41	40
	44	44	44	44	68	44
	40	53	66	66	66	66
	69	54	69	69	69	69
	70	42	70	70	70	70
	67	43	67	67	67	67
	68	53	68	68	68	68
	46	54	46	46	54	46
	45	45	45	45	53	45
	42	42	42	42	66	42
	43	43	43	43	69	43
	44	44	44	44	53	44
	70	54	70	70	54	70
	66	66	66	66	66	66
	67	67	67	67	67	67
	46	46	46	69	69	69
	68	53	68	68	68	68
	45	45	45	45	54	45
	42	42	42	42	53	42
	43	43	43	43	70	43
	47	71	65	41	64	41
	40	40	44	44	54	44
	46	46	46	46	69	46
	66	66	66	66	53	66
	67	67	67	67	67	67
	70	70	70	70	70	70
	45	68	68	68	54	68
	42	69	69	69	69	69
	53	44	53	44	53	44
	43	43	43	43	54	43
	45	45	45	45	66	45
	42	42	42	42	67	42
	46	46	46	46	70	46
	54	68	54	68	54	68
	66	66	53	66	53	66
	44	44	44	44	67	44
	69	69	69	69	69	69
	70	70	70	70	70	70
	43	43	43	43	67	43
	54	45	45	45	54	45
	53	42	42	42	53	42
	68	68	46	68	68	68
	67	67	67	67	67	67
	66	66	66	66	66	66
	54	44	44	44	54	44
	69	46	46	46	69	46
	53	70	53	43	53	43
	70	45	45	45	45	45
	68	42	42	42	54	42
	69	69	69	69	69	69
	70	70	43	43	70	43
	67	67	44	44	67	44
	68	68	54	68	54	46
	66	66	66	66	66	53
	70	45	45	45	45	45
	53	46	53	46	53	46
	67	42	42	42	42	42
	69	43	54	43	54	43
	68	68	44	44	44	44
	70	70	70	70	70	70
	67	67	67	53	67	67
	69	69	69	46	69	46
	66	66	66	66	66	66
	68	68	54	45	45	45
	43	53	43	53	43	43
	42	70	42	42	42	42
	44	54	54	54	44	54
	46	67	67	67	46	67
	68	68	68	68	45	68
	70	70	70	70	53	70
	69	69	69	69	44	69
	66	66	66	66	43	66
	45	53	53	53	45	53
	46	54	67	54	46	54
	42	42	68	42	42	42
	44	44	44	44	44	44
	43	43	67	43	43	67
	70	70	70	70	45	70
	46	69	69	69	46	69
	68	68	68	68	68	53
	66	54	66	66	66	54
	45	45	45	45	45	67
	42	42	42	42	42	53
	44	44	44	44	44	67
	43	43	43	43	43	54
	46	46	46	46	46	53
	70	70	70	70	70	70
	69	69	69	69	69	69
	67	67	67	67	67	67
	68	68	68	68	68	54
	66	66	66	66	66	66
	45	53	45	45	45	53
	42	42	42	42	42	54
	44	44	44	44	44	44
	43	43	43	43	43	43
	46	46	46	46	46	46
	70	70	70	70	70	54
	69	53	45	69	69	53
	67	67	67	67	67	67
	68	68	42	68	68	68
	66	66	45	66	66	66
	54	54	44	54	54	54
	43	53	43	43	43	53
	42	42	42	42	42	42
	70	70	46	70	70	70
	69	69	45	69	69	69
	44	44	44	44	44	44
	67	67	67	67	67	67
	68	68	46	46	46	68
	45	45	45	45	66	53
	54	54	43	43	54	54
	42	66	42	66	53	53
	70	70	70	70	70	70
	69	69	46	69	69	69
	44	68	44	68	68	68
	43	67	43	67	67	67
	45	45	45	45	53	45
	42	42	42	42	66	42
	46	46	46	46	54	46
	44	44	44	44	53	44
	43	66	43	43	66	66
	54	70	70	70	70	70
	69	69	69	69	69	69
	68	68	68	68	68	68
	67	67	67	67	67	67
	53	45	53	45	53	53
	54	42	54	42	54	54
	46	46	46	46	66	46
	43	43	43	43	43	43
	44	44	44	44	44	44
	70	70	45	45	70	70
	69	69	69	69	69	69
	66	66	66	66	66	66
	42	42	42	42	68	42
	67	67	53	67	53	67
	54	45	54	45	54	54
	46	46	46	46	68	46
	43	43	43	43	70	43
	44	44	44	44	53	44
	68	68	68	68	68	45
	69	69	69	69	69	42
	70	70	70	70	70	45
	67	67	67	67	54	67
	66	66	66	42	66	42
	53	53	53	53	53	46
	45	45	45	45	54	45
	43	43	43	43	68	43
	44	44	44	44	69	44
	46	46	46	46	54	46
	70	42	42	42	70	42
	67	53	67	67	67	67
	66	54	66	66	66	66
	68	68	68	68	68	68
	69	69	69	69	69	69
	70	53	53	45	53	45
	43	54	43	54	54	43
	44	70	44	44	44	44
	46	67	46	46	46	46
	42	68	42	42	42	42
	66	66	66	66	66	66
	70	70	70	70	70	70
	67	53	67	67	53	67
	69	69	69	69	45	69
	68	54	68	68	54	68
	43	43	53	43	43	43
	45	45	66	66	45	45
	44	44	44	44	44	44
	46	46	46	46	46	46
	42	42	42	42	42	53
	67	54	67	67	54	54
	70	70	70	70	43	70
	69	69	69	69	53	69
	68	68	68	68	68	68
	66	66	66	66	45	66
	44	44	44	44	44	53
	43	43	43	43	43	67
	46	46	46	46	46	54
	42	42	42	42	42	53
	45	45	45	45	45	70
	67	67	67	67	67	67
	69	69	69	69	69	69
	68	54	44	68	54	54
	66	66	66	66	43	53
	70	70	70	70	70	70
	46	46	46	46	46	53
	68	42	42	42	42	68
	44	44	44	44	44	44
	67	45	45	45	45	67
	69	43	43	43	43	54
	66	66	66	66	66	53
	68	68	68	68	68	68
	69	69	69	69	69	54
	70	70	70	70	46	70
	67	67	67	67	67	53
	42	42	42	42	42	42
	54	44	44	44	44	54
	53	45	45	45	45	45
	66	46	46	46	46	46
	43	43	43	43	43	43
	53	68	68	68	68	53
	69	69	69	69	69	54
	66	66	66	66	66	66
	70	70	70	70	70	70
	67	42	42	42	42	42
	54	44	44	44	44	44
	53	45	45	45	45	53
	54	67	67	67	67	67
	68	43	43	43	43	43
	46	46	46	46	46	46
	69	69	69	69	69	69
	54	66	66	66	66	54
	68	68	68	68	68	68
	70	70	53	70	70	70
	53	42	42	42	42	42
	67	44	44	44	44	44
	54	45	45	45	45	45
	53	46	46	46	46	46
	67	43	43	43	43	43
	69	69	69	69	69	69
	66	66	66	66	66	66
	54	68	54	54	54	54
	53	70	53	70	53	70
	67	42	67	67	67	67
	68	44	68	68	68	68
	70	45	45	45	45	45
	69	46	46	46	46	46
	53	42	42	42	42	42
	66	43	43	43	43	43
	54	44	44	44	44	44
	70	70	70	70	70	70
	69	69	69	69	69	69
	53	53	53	53	53	66
	67	67	67	67	67	45
	68	54	68	54	54	46
	66	66	66	42	66	42
	70	45	45	45	45	45
	43	43	43	43	43	43
	69	46	46	46	46	46
	68	44	44	44	44	44
	70	70	70	53	53	70
	67	67	67	54	54	67
	69	69	42	42	42	42
	68	68	68	66	66	66
	45	70	45	53	45	53
	69	69	69	54	43	69
	46	67	46	46	46	67
	44	70	70	54	44	70
	66	66	66	53	43	66
	42	67	67	54	42	67
	45	69	69	53	45	69
	43	70	70	54	43	70
	44	44	66	53	44	53
	46	46	67	54	46	54
	42	42	69	69	42	42
	45	45	66	53	45	45
	43	43	67	67	43	67
	44	70	70	70	70	70
	46	54	46	54	54	54
	42	53	69	53	53	53
	44	44	44	44	69	44
	45	45	45	45	69	45
	43	43	43	43	70	43
	46	46	46	46	46	46
	42	42	42	42	42	42
	69	69	69	54	54	54
	70	70	70	53	53	53
	44	44	44	44	44	44
	45	45	45	45	45	45
	43	43	43	43	43	43
	46	46	46	46	46	46
	69	69	69	69	54	54
	42	42	42	42	42	42
	70	70	70	70	53	53
	44	44	44	44	44	44
	45	45	45	54	54	54
	43	43	43	43	43	53
	69	69	69	69	69	69
	46	46	46	46	46	46
	70	70	42	70	53	53
	45	45	45	45	45	54
	44	44	44	44	44	44
	42	42	42	42	42	42
	43	43	43	43	43	54
	70	70	46	53	46	53
	69	69	45	69	45	69
	70	54	54	54	54	54
	44	44	44	44	44	53
	46	46	46	46	46	46
	42	70	42	42	42	53
	45	45	45	45	45	45
	43	43	43	43	43	43
	69	69	69	69	53	69
	70	70	70	70	44	54
	42	53	42	42	42	53
	46	46	46	46	46	54
	44	44	44	44	44	44
	45	70	45	45	45	45
	43	69	43	43	43	54
	42	70	53	53	42	53
	46	69	69	69	46	54
	44	70	70	70	44	70
	42	42	42	42	42	54
	45	45	45	45	45	53
	43	43	43	43	43	43
	46	69	46	46	46	54
	44	44	44	44	44	53
	70	70	70	70	70	54
	69	69	69	69	69	69
	42	42	53	42	42	53
	45	45	54	45	45	54
	46	46	46	46	46	46
	43	43	43	43	43	43
	44	44	44	44	44	44
	70	70	70	70	70	53
	69	69	54	42	42	54
	45	45	53	45	45	53
	46	46	69	46	46	46
	42	42	54	42	42	54
	43	43	43	43	43	43
	70	70	70	44	44	53
	69	69	69	45	69	45
	44	53	53	44	44	53
	46	54	54	54	46	54
	42	42	42	42	42	42
	70	70	70	45	45	45
	43	69	69	43	43	53
	46	54	46	46	46	46
	44	53	44	44	44	44
	70	54	70	54	45	54
	69	53	69	53	69	53
	42	42	42	42	42	42
	43	43	70	43	43	43
	45	54	45	45	45	45
	46	53	69	53	46	46
	44	54	70	70	44	44
	42	54	69	54	42	42
	43	53	53	53	43	43
	69	69	69	69	45	45
	70	70	70	70	46	46
	44	54	54	54	44	44
	42	53	69	53	42	42
	43	70	70	70	43	43
	45	45	69	54	45	45
	46	46	69	53	46	46
	44	44	70	54	44	44
	69	42	69	53	42	42
	70	43	70	54	43	43
	69	45	45	53	45	45
	70	46	46	54	46	46
	69	42	69	53	42	42
	70	44	44	54	44	44
	70	43	43	53	43	43
	69	45	45	54	45	45
	70	46	46	53	46	46
	69	42	42	42	42	42
	70	44	44	54	54	54
	69	43	43	53	53	69
	70	45	45	45	70	70
	69	44	44	44	54	69
	46	46	46	46	53	46
	43	43	43	43	54	43
	42	42	42	42	53	70
	45	45	45	45	69	69
	44	70	44	54	54	70
	53	53	46	53	53	53
	69	69	69	69	69	69
	43	43	43	43	54	54
	42	70	42	42	70	70
	46	46	46	46	46	54
	44	44	44	44	44	53
	45	45	45	45	45	54
	42	70	42	53	42	53
	43	43	43	43	43	54
	69	69	46	69	69	69
	70	70	44	70	70	70
	54	46	46	54	54	54
	53	42	42	53	53	53
	45	45	45	45	45	69
	44	44	44	44	44	44
	43	43	43	43	43	70
	46	46	46	46	46	54
	42	42	42	42	42	69
	53	70	70	70	70	53
	45	69	69	69	45	54
	44	44	44	44	44	54
	43	43	43	43	43	53
	46	46	46	46	46	54
	45	70	45	45	45	53
	42	42	42	42	42	69
	54	70	70	70	70	54
	53	69	69	69	43	53
	46	46	46	46	46	54
	45	45	45	45	45	53
	43	43	43	43	43	54
	42	70	70	70	70	70
	53	69	69	69	69	53
	54	46	54	46	46	54
	45	45	45	45	45	53
	43	70	70	43	43	70
	69	69	69	69	46	69
	54	70	54	46	46	54
	53	43	53	45	53	53
	54	70	70	70	45	54
	46	46	69	46	46	53
	45	45	45	45	45	53
	54	69	69	69	46	54
	53	70	70	70	46	53
	54	69	69	45	45	54
	53	70	70	46	46	53
	54	69	69	45	45	54
	53	70	70	46	46	53
	54	69	69	45	45	54
	46	70	70	46	46	53
	45	69	69	45	45	53
	54	70	70	54	46	54
	53	69	69	53	46	53
	45	70	70	45	45	54
	46	69	69	46	46	54
	53	70	70	53	45	53
	54	69	69	54	46	54
	45	70	70	53	45	53
	46	69	69	54	46	54
	45	53	70	70	45	53
	46	54	69	69	46	54
	45	53	70	53	45	53
	46	54	69	54	46	54
	70	53	70	70	45	70
	69	53	69	69	46	69
	45	54	70	54	45	54
	46	53	70	53	46	53
	45	69	69	54	45	69
	46	70	70	53	46	70
	45	54	69	54	45	54
	46	70	70	53	46	70
	45	69	69	53	45	69
	46	54	70	54	46	70
	45	53	69	53	45	69
	46	54	70	54	46	70
	53	53	53	53	53	53
	45	54	69	54	45	54
	70	46	70	70	46	70
	69	45	69	69	69	69
	54	46	54	54	46	54
	53	45	53	53	45	53
	70	46	70	70	70	70
	69	45	69	54	69	69
	53	46	46	53	46	46
	54	45	45	54	45	45
	70	53	70	53	70	70
	69	46	69	54	69	69
	54	45	54	54	45	45
	53	46	46	53	46	46
	70	45	70	70	70	70
	69	53	69	53	69	69
	54	54	45	54	54	54
	53	46	46	53	46	46
	70	45	45	45	45	45
	69	53	69	53	69	69
	70	46	70	54	70	70
	54	46	46	54	54	54
	53	45	45	53	53	53
	69	46	69	46	69	69
	70	45	70	54	70	70
	45	45	45	53	45	45
	46	46	46	54	46	46
	69	53	69	53	69	69
	70	54	70	54	70	70
	45	53	45	53	53	53
	46	54	46	54	69	54
	45	45	45	45	70	70
	69	46	46	53	69	69
	70	54	46	54	70	54
	45	53	53	53	69	53
	46	46	46	46	70	70
	45	45	45	45	69	69
	70	54	54	54	54	54
	69	53	53	53	69	69
	70	46	46	46	70	70
	45	45	45	45	45	45
	69	53	53	53	69	69
	70	54	54	54	70	70
	46	46	46	46	46	46
	69	53	53	53	69	69
	45	54	54	45	70	70
	45	54	54	45	69	69
	70	53	53	46	70	70
	46	54	54	46	69	69
	45	45	45	45	70	70
	46	53	53	53	69	69
	46	54	54	46	70	70
	45	45	53	45	69	69
	46	54	54	46	70	70
	45	53	53	45	69	69
	46	54	54	46	70	70
	45	53	53	69	69	69
	46	54	54	46	70	70
	45	53	53	45	69	69
	46	54	54	46	70	70
	45	53	53	45	69	69
	46	54	54	46	70	70
	45	53	53	45	69	69
	46	54	54	46	70	70
	45	53	53	45	69	69
	46	54	54	70	70	70
	45	53	53	45	69	69
	46	54	54	46	70	70
	45	53	53	69	69	69
	46	54	54	46	70	70
	45	53	53	45	69	69
	46	54	54	46	70	70
	45	53	53	45	69	53
	46	70	54	46	70	54
	45	69	69	69	69	69
	46	70	53	53	70	53
	45	54	54	45	54	54
	46	70	70	46	70	70
	45	69	53	45	69	53
	46	69	54	54	54	54
	46	70	53	70	53	53
	45	69	45	45	69	69
	46	70	46	46	54	54
	45	70	53	53	53	53
	69	69	69	69	54	54
	45	70	70	70	54	54
	46	46	46	46	53	46
	45	69	45	45	53	45
	46	70	70	70	54	54
	45	69	69	69	53	53
	46	46	54	46	54	54
	45	70	70	45	53	53
	45	69	69	69	69	69
	46	46	70	46	54	54
	45	45	53	53	53	53
	46	70	70	70	54	70
	45	69	69	54	69	69
	46	46	53	53	53	46
	45	45	54	54	54	45
	46	70	70	70	70	70
	45	69	69	53	69	69
	46	46	54	54	54	46
	45	45	53	53	53	53
	46	70	70	70	70	70
	45	69	69	54	69	69
	46	46	54	54	54	46
	45	45	53	53	53	45
	46	70	70	54	70	70
	45	69	69	53	69	69
	46	46	70	54	54	46
	45	45	69	53	53	45
	46	70	70	54	70	70
	46	46	69	53	69	46
	45	45	69	54	54	45
	53	46	70	53	53	53
	54	69	69	54	69	69
	45	45	70	53	70	70
	46	46	46	54	54	46
	53	45	69	53	53	45
	54	46	70	54	70	70
	53	45	69	53	69	69
	54	46	46	54	54	46
	53	45	70	53	53	45
	54	69	69	69	69	69
	54	46	70	70	70	70
	53	45	45	45	53	45
	54	46	46	54	54	46
	53	69	53	53	53	69
	54	70	54	70	70	70
	45	45	45	45	69	45
	46	46	46	46	46	46
	54	69	54	54	69	69
	53	70	53	53	53	70
	54	45	54	45	69	45
	53	46	53	46	70	70
	54	69	54	69	69	69
	53	45	53	45	70	45
	46	46	46	46	70	46
	54	70	54	54	70	70
	53	45	53	53	69	69
	54	45	54	45	69	45
	46	46	70	46	70	70
	53	69	53	53	69	69
	54	45	54	45	70	45
	46	46	46	46	69	69
	53	70	53	70	70	70
	54	45	54	45	69	69
	53	46	53	46	70	70
	54	45	54	45	69	69
	53	46	53	46	70	70
	54	45	54	45	69	69
	53	46	53	46	70	70
	54	45	54	45	69	69
	46	46	53	46	70	70
	45	45	54	45	69	69
	53	46	53	70	70	70
	54	46	54	69	69	69
	53	45	53	45	70	70
	54	46	54	46	69	69
	53	45	53	45	70	70
	46	46	54	46	69	69
	45	45	53	45	70	70
	54	54	54	46	69	69
	53	53	53	70	53	70
	46	69	54	46	69	69
	45	70	70	45	70	70
	54	54	54	46	54	54
	53	69	53	45	53	53
	46	69	69	46	69	69
	45	70	70	45	54	70
	46	69	53	46	53	53
	54	70	54	45	54	54
	45	69	69	45	53	69
	46	70	70	46	53	70
	45	69	54	45	54	54
	46	70	53	46	53	53
	69	69	69	69	69	69
	45	70	70	45	70	54
	46	70	53	46	53	53
	54	69	54	54	54	54
	45	70	70	45	70	53
	46	69	69	46	69	53
	45	70	53	45	53	53
	46	54	54	46	54	54
	45	69	69	45	69	69
	70	70	70	70	70	70
	46	53	53	46	53	53
	45	69	54	54	54	54
	45	69	69	45	69	69
	46	70	70	46	53	70
	45	54	54	45	54	54
	46	53	53	53	53	53
	46	69	69	46	69	69
	45	70	70	45	70	70
	46	54	54	54	54	54
	45	53	53	53	53	53
	46	69	69	46	69	69
	45	70	70	45	70	70
	46	54	54	46	54	54
	45	53	69	45	53	53
	46	70	70	46	70	70
	45	69	69	45	69	69
	46	54	54	54	54	54
	45	53	53	53	53	53
	46	70	70	46	70	70
	45	69	69	45	69	69
	46	54	54	54	54	54
	45	53	53	53	53	53
	46	70	70	46	70	70
	45	69	69	69	69	69
	45	54	54	54	54	54
	46	46	46	53	53	46
	70	70	70	45	70	70
	69	69	69	53	69	69
	45	45	45	45	54	45
	46	53	46	53	53	53
	70	54	70	54	54	70
	46	46	46	69	69	69
	45	45	45	53	45	45
	70	54	70	54	54	70
	46	53	46	53	53	69
	69	69	69	54	69	69
	46	46	46	53	70	70
	45	45	45	54	45	45
	70	53	70	53	53	70
	69	54	46	54	54	54
	69	46	46	53	69	69
	70	45	45	70	70	70
	46	46	46	53	53	53
	69	54	45	54	54	54
	69	45	45	45	69	69
	70	46	46	53	70	70
	69	53	45	53	53	53
	70	54	46	54	54	54
	69	45	45	45	69	69
	70	46	46	46	46	70
	53	53	45	53	45	53
	69	54	54	54	54	54
	70	70	70	70	70	70
	69	46	46	46	69	69
	53	45	45	45	45	53
	54	54	46	54	54	54
	69	53	46	46	69	69
	70	70	45	70	70	70
	53	53	53	45	53	53
	69	46	46	46	46	69
	54	54	54	45	45	54
	70	53	70	70	70	70
	69	45	69	45	69	69
	53	46	53	46	46	53
	54	54	54	54	54	54
	70	45	70	45	45	70
	69	69	69	69	69	69
	53	46	53	46	46	53
	70	70	70	45	45	70
	54	54	54	46	54	54
	53	69	53	45	53	69
	70	46	70	46	46	46
	69	69	69	45	45	69
	54	70	54	70	54	70
	53	45	53	45	45	45
	53	46	53	46	46	46
	54	69	54	69	69	69
	70	70	70	70	70	70
	53	45	53	45	45	45
	54	69	54	46	46	46
	53	69	53	69	69	69
	54	70	54	45	45	45
	53	70	53	46	46	46
	54	70	54	70	45	70
	53	69	69	69	69	69
	54	70	54	46	46	46
	53	45	53	45	45	45
	54	70	70	70	46	70
	53	69	53	69	45	69
	54	70	54	46	46	46
	53	69	53	45	45	45
	54	70	54	70	46	70
	53	69	69	69	45	69
	54	70	54	46	46	46
	53	70	53	45	45	45
	54	69	54	46	46	69
	53	70	53	70	70	70
	54	69	54	45	45	45
	53	69	53	46	46	46
	54	70	54	45	70	45
	53	69	69	46	69	46
	53	70	53	53	70	45
	54	54	54	54	46	46
	69	69	69	45	45	45
	70	70	70	53	70	46
	53	53	53	53	46	46
	69	54	54	54	45	45
	69	69	69	46	69	46
	70	70	70	45	70	45
	54	54	54	54	54	46
	53	53	53	53	53	45
	69	69	69	46	46	46
	70	70	70	45	45	45
	69	54	54	54	54	46
	69	53	53	53	53	45
	70	70	70	46	46	46
	69	69	69	45	45	45
	70	54	70	54	54	46
	69	53	69	53	53	45
	70	70	70	46	46	46
	69	54	69	54	45	45
	69	53	69	53	53	46
	70	70	70	54	70	45
	69	54	69	54	46	46
	45	53	53	53	45	45
	69	69	69	54	46	46
	70	70	70	70	70	70
	45	54	54	54	45	45
	69	53	69	53	53	46
	69	54	69	54	46	46
	45	53	70	53	45	45
	70	54	70	54	46	46
	69	69	69	69	69	69
	70	53	70	53	53	45
	46	54	70	54	54	46
	45	53	70	45	45	45
	69	69	69	53	46	46
	70	70	70	54	70	70
	69	53	69	53	53	45
	54	54	46	54	54	46
	69	69	69	53	69	45
	70	70	70	70	70	46
	54	54	45	54	54	45
	53	53	46	53	53	46
	69	69	45	69	69	45
	70	70	46	70	70	46
	54	54	45	54	54	45
	53	53	46	53	53	46
	69	69	45	69	69	45
	70	70	46	70	70	46
	54	54	45	54	54	45
	53	53	46	53	53	46
	69	69	45	69	69	69
	70	70	45	70	70	70
	54	54	46	54	54	46
	53	53	45	53	53	45
	69	46	46	69	69	46
	70	70	45	70	70	70
	54	54	45	69	54	45
	53	53	46	53	53	46
	69	69	45	69	69	69
	54	54	46	70	70	70
	53	45	45	45	53	45
	54	46	46	70	54	70
	53	53	45	69	69	69
	54	46	46	70	70	70
	53	45	45	69	69	69
	54	54	46	70	54	70
	53	53	45	69	53	69
	54	46	46	70	70	70
	53	45	45	45	69	69
	54	46	46	70	54	70
	53	45	45	69	69	69
	54	46	46	70	70	70
	53	45	45	69	53	69
	54	46	46	70	70	54
	53	45	45	69	69	69
	54	46	46	70	70	54
	53	45	45	69	53	53
	54	46	46	70	70	70
	53	45	45	69	69	69
	54	46	46	70	46	54
	53	45	45	69	45	53
	54	46	70	70	46	70
	53	45	69	69	45	69
	54	46	46	70	46	54
	53	45	45	53	69	53
	54	46	70	70	70	70
	53	45	45	69	69	69
	54	46	46	54	54	54
	53	53	45	53	69	69
	54	46	46	46	70	70
	53	45	45	45	69	69
	54	70	70	54	70	70
	53	53	46	46	69	53
	54	45	45	45	69	54
	53	46	46	70	70	53
	54	54	45	69	69	54
	53	70	46	70	70	46
	69	69	45	69	69	45
	53	53	46	70	70	53
	54	54	45	54	45	54
	69	46	46	69	46	46
	70	70	45	70	70	53
	53	53	45	69	69	53
	54	54	45	54	54	54
	69	46	46	69	69	46
	70	70	45	70	70	53
	53	45	45	69	53	53
	54	54	46	69	54	54
	70	46	46	70	70	46
	69	45	45	69	69	45
	53	53	53	70	53	53
	54	54	46	69	54	54
	70	45	45	70	70	45
	46	46	46	69	69	46
	53	53	45	70	53	53
	54	54	45	69	54	54
	70	70	46	70	70	46
	69	69	45	69	69	53
	45	53	45	45	53	53
	46	54	46	70	54	54
	69	45	45	69	69	69
	70	53	46	70	70	53
	54	54	46	69	54	54
	45	45	45	70	70	53
	46	46	46	69	69	53
	70	53	45	70	70	53
	69	54	46	69	54	54
	45	45	45	45	53	53
	46	46	46	70	70	54
	69	69	69	69	69	69
	45	53	53	70	53	53
	54	54	54	70	54	54
	46	46	46	46	70	46
	45	45	45	45	69	45
	70	53	53	70	70	53
	69	54	69	69	69	54
	46	46	46	70	70	53
	45	45	45	69	54	54
	70	53	53	70	53	53
	46	54	54	69	69	54
	45	45	45	70	70	53
	46	46	46	69	69	54
	70	53	53	70	70	53
	45	54	54	69	69	54
	46	46	46	70	70	53
	45	45	69	69	69	54
	46	53	53	70	53	53
	45	54	54	70	54	54
	46	46	69	69	69	53
	45	70	70	70	70	53
	45	54	54	69	69	54
	46	53	53	70	53	53
	45	45	69	69	45	54
	46	46	70	70	70	54
	46	53	69	69	69	53
	45	54	54	70	45	54
	46	53	53	70	46	53
	45	54	69	69	69	54
	70	70	70	70	70	53
	46	54	54	69	46	46
	45	53	45	53	45	45
	46	69	69	69	46	69
	45	54	70	70	45	54
	46	53	53	53	53	53
	69	54	69	69	54	54
	70	70	70	70	45	70
	46	54	46	54	46	46
	45	53	45	53	45	45
	69	69	69	69	69	69
	46	54	46	70	46	70
	45	53	45	53	53	45
	70	54	70	54	54	70
	46	53	46	69	46	69
	45	54	45	54	45	45
	70	53	70	53	70	70
	69	54	69	69	69	69
	46	53	46	53	46	46
	45	54	45	54	45	70
	70	53	70	53	70	70
	46	54	46	54	46	69
	45	53	45	53	45	69
	69	54	69	54	69	69
	70	70	70	53	70	70
	46	46	46	54	46	46
	45	53	45	53	45	69
	70	54	70	54	46	70
	69	69	69	53	69	69
	45	45	45	54	45	70
	46	46	46	53	46	46
	70	70	45	54	54	70
	69	69	69	53	53	69
	70	70	45	54	45	70
	46	46	46	53	46	53
	69	69	45	54	45	54
	70	70	46	53	46	53
	45	69	45	54	45	54
	46	69	46	53	46	69
	70	70	45	54	70	70
	69	69	45	53	45	53
	46	69	46	54	46	54
	45	70	45	53	70	53
	69	69	46	54	69	54
	70	70	45	53	70	70
	69	69	46	53	46	69
	45	54	45	54	45	54
	70	53	46	53	70	53
	69	69	45	69	69	69
	70	54	46	70	46	54
	70	53	45	45	45	53
	70	54	46	46	46	54
	69	53	45	69	69	53
	70	70	70	70	70	70
	54	54	45	54	54	69
	53	53	46	53	46	69
	8	16	16	0	0	9
	10	17	17	1	1	10
	11	18	18	2	2	11
	12	19	19	3	3	12
	13	20	20	4	4	13
	14	21	21	5	5	14
	15	22	22	6	6	24
	25	23	25	7	26	26
	27	27	27	27	27	27
	28	28	28	28	28	28
	29	29	29	29	29	9
	30	30	30	30	30	30
	31	45	72	72	72	73
	74	69	74	74	74	74
	75	18	75	75	75	75
	76	76	76	76	76	76
	77	77	77	77	77	77
	78	78	78	78	78	78
	79	46	19	46	10	10
	24	54	54	24	11	11
	8	8	16	0	0	1
	17	17	20	2	2	12
	53	53	53	3	3	3
	70	70	70	4	70	13
	26	26	21	5	5	14
	25	6	22	6	6	6
	73	9	73	9	45	73
	27	69	69	18	69	18
	72	28	72	28	28	28
	29	29	29	29	29	29
	30	30	19	30	30	30
	74	1	74	46	46	12
	75	10	75	20	10	10
	76	24	76	24	76	11
	54	54	54	4	77	13
	78	2	78	14	78	14
	21	25	21	45	45	21
	22	22	22	22	22	22
	26	26	53	53	26	3
	27	27	70	27	27	5
	15	7	23	31	31	79
	16	16	8	8	17	0
	9	9	18	12	18	18
	19	19	19	73	19	19
	72	72	20	77	20	1
	69	6	69	11	69	6
	28	28	74	13	28	4
	10	75	46	75	46	2
	14	29	76	14	29	29
	24	24	54	25	25	30
	70	3	79	3	70	3
	5	78	78	78	5	5
	45	0	45	53	17	45
	12	21	73	12	21	12
	11	26	77	26	1	26
	13	27	74	27	22	27
	10	4	10	4	4	4
	2	2	18	2	2	2
	20	20	20	20	20	20
	46	76	76	6	6	6
	8	9	16	16	9	30
	69	72	72	69	69	28
	54	25	54	54	19	25
	14	75	75	75	0	14
	70	29	17	17	70	29
	53	24	53	53	24	53
	11	73	73	73	1	1
	13	77	77	77	3	3
	5	74	22	74	22	22
	45	78	45	78	21	21
	12	18	18	18	18	18
	10	26	46	46	26	26
	27	27	19	27	27	27
	30	30	76	30	30	30
	28	28	4	4	4	28
	0	2	2	2	2	2
	6	6	20	6	6	6
	11	69	69	69	5	29
	14	54	70	70	14	54
	13	75	75	75	75	13
	15	7	23	31	79	79
	8	9	16	9	16	24
	72	72	17	17	1	12
	3	3	21	3	3	53
	10	73	73	73	74	45
	76	76	19	76	19	46
	77	77	22	22	22	77
	78	78	78	78	78	78
	0	0	18	26	26	26
	11	79	20	20	20	29
	5	5	5	5	5	28
	27	4	70	4	4	27
	14	54	69	30	30	30
	8	53	12	2	2	24
	13	6	21	6	6	13
	1	74	45	74	74	45
	9	46	9	46	46	46
	10	75	10	10	75	10
	29	29	19	19	29	29
	77	77	18	18	18	3
	28	76	11	28	28	11
	12	70	70	70	22	12
	14	54	69	69	69	14
	26	53	20	26	26	26
	78	78	21	27	27	8
	4	4	13	4	4	4
	5	5	5	5	5	5
	2	2	2	2	2	2
	30	45	30	30	30	45
	3	3	22	3	3	3
	6	6	19	6	6	6
	74	74	74	46	74	74
	76	76	76	20	76	76
	75	75	75	18	75	75
	77	54	11	29	54	11
	53	10	10	21	10	10
	28	12	12	28	12	12
	8	13	13	70	13	13
	27	14	14	69	14	14
	78	46	78	26	26	78
	45	45	22	22	22	45
	4	19	19	19	30	19
	5	53	20	20	29	20
	2	2	18	18	18	18
	77	70	21	21	21	77
	3	54	69	3	54	3
	6	11	11	6	27	11
	74	46	74	74	28	74
	76	10	76	4	30	76
	75	12	75	75	26	75
	29	53	53	5	29	13
	14	14	70	14	14	14
	78	45	78	78	27	45
	2	69	69	2	69	22
	77	10	10	77	28	19
	30	46	54	54	54	20
	12	12	12	4	12	12
	6	11	26	6	26	21
	3	13	13	3	18	18
	5	74	70	5	5	5
	27	76	76	76	27	76
	29	75	53	53	53	22
	28	46	28	19	28	19
	30	45	30	78	20	20
	10	77	10	10	10	10
	2	2	11	11	2	11
	4	4	69	14	4	14
	21	74	21	21	21	21
	13	75	70	54	70	13
	6	6	18	18	6	6
	26	78	26	22	26	3
	29	46	29	46	29	29
	12	77	27	12	27	12
	5	45	45	45	45	45
	19	76	19	19	19	19
	20	74	53	53	53	53
	30	75	69	69	69	69
	28	2	28	54	28	28
	14	22	22	22	22	14
	11	78	70	78	4	11
	3	3	3	77	3	10
	13	18	18	18	18	13
	5	5	21	76	5	46
	6	74	20	74	6	26
	27	75	27	75	2	27
	30	54	30	54	54	12
	29	4	29	70	4	29
	10	77	45	45	45	10
	14	19	19	19	19	14
	53	53	21	53	78	11
	26	76	26	69	76	69
	46	20	46	46	46	46
	28	22	28	22	22	13
	12	2	2	2	2	12
	74	3	3	3	3	70
	18	6	18	6	6	11
	75	75	5	5	5	5
	77	77	30	77	77	10
	27	78	27	4	78	14
	54	54	21	54	21	54
	20	20	29	20	29	13
	45	76	45	45	45	69
	53	74	26	70	74	70
	19	19	19	19	19	19
	11	11	28	22	28	11
	12	12	30	46	30	12
	10	75	18	4	18	10
	14	14	14	2	2	2
	13	6	6	69	6	6
	76	76	3	3	3	3
	78	78	5	5	5	5
	53	53	27	21	27	27
	77	77	26	70	26	26
	54	54	29	22	29	29
	20	20	20	20	20	20
	46	46	4	46	46	46
	74	74	28	45	74	74
	75	75	13	69	75	75
	11	11	30	11	30	30
	10	10	10	10	18	10
	19	12	12	19	19	19
	21	21	21	21	21	21
	78	14	14	2	2	14
	22	22	22	70	22	22
	53	76	53	6	76	6
	77	77	27	4	27	27
	54	45	3	3	26	3
	5	13	5	5	28	28
	69	29	69	69	29	29
	18	18	18	18	18	18
	20	46	11	46	20	46
	78	78	12	70	78	12
	74	74	30	30	74	30
	75	75	10	4	75	75
	2	45	2	2	19	2
	13	54	54	26	26	26
	6	14	14	6	76	14
	53	53	53	53	53	53
	77	77	21	27	77	77
	22	11	11	28	28	28
	3	3	3	3	29	3
	5	5	5	5	70	5
	20	10	69	69	20	10
	4	46	4	4	13	4
	12	12	12	12	12	12
	19	45	45	45	19	45
	18	30	78	30	30	30
	21	76	76	76	76	21
	22	74	74	74	74	27
	6	6	54	54	54	54
	2	2	70	70	75	26
	14	14	14	14	29	14
	11	11	11	11	11	11
	13	13	13	13	13	13
	46	46	10	53	77	46
	69	28	28	28	28	28
	20	3	78	78	78	20
	18	5	5	18	5	18
	4	27	27	27	27	27
	22	45	22	22	26	22
	19	19	19	19	75	19
	12	29	21	21	29	21
	6	6	6	6	6	30
	10	2	76	2	2	2
	53	70	70	53	53	70
	54	69	77	77	77	69
	74	3	74	74	3	3
	14	4	4	14	4	14
	46	46	20	20	20	46
	11	45	26	26	26	26
	13	13	75	75	18	13
	12	12	78	12	12	12
	10	5	28	28	5	28
	54	30	30	30	22	30
	76	76	76	76	19	29
	21	27	27	27	21	27
	69	69	69	11	69	69
	53	70	74	53	53	70
	45	2	2	18	2	45
	77	6	6	77	6	10
	78	3	78	78	3	14
	46	4	4	20	4	46
	22	75	22	22	22	29
	54	54	19	54	54	26
	13	5	5	13	5	13
	11	11	11	11	21	11
	74	74	28	28	18	28
	12	12	12	12	12	12
	10	76	30	30	76	10
	70	70	14	70	20	70
	45	77	27	27	77	27
	53	75	75	69	69	69
	19	2	29	29	2	29
	46	3	26	26	3	46
	21	6	78	78	6	78
	18	4	18	18	18	4
	22	22	22	22	22	13
	20	74	74	14	74	14
	54	54	28	54	5	5
	45	45	30	10	76	45
	53	53	19	19	19	11
	77	77	77	12	77	77
	21	75	75	70	75	70
	27	27	27	69	27	2
	46	3	26	13	3	3
	29	29	29	20	29	4
	6	6	28	6	6	6
	30	78	78	10	78	78
	76	76	76	14	76	76
	18	5	11	11	18	11
	54	74	74	12	74	74
	21	21	21	21	21	2
	22	53	69	69	22	69
	45	26	26	70	26	4
	46	19	19	13	13	19
	20	20	20	20	20	20
	28	75	28	10	28	75
	30	77	30	14	30	77
	3	3	27	3	27	3
	5	5	54	12	12	5
	2	2	29	70	29	2
	18	53	53	53	18	6
	4	78	78	4	78	78
	45	45	76	45	11	45
	22	46	74	69	22	46
	10	10	10	26	10	10
	14	75	14	14	14	14
	13	13	13	70	13	13
	21	54	54	54	21	21
	19	77	19	28	19	19
	6	6	27	27	12	6
	20	76	30	30	30	30
	3	74	69	29	11	11
	5	75	53	5	18	5
	4	46	4	4	26	4
	2	45	70	2	22	2
	28	78	78	78	78	78
	10	77	77	77	77	77
	14	76	14	54	14	14
	12	74	12	29	12	12
	20	27	69	27	20	13
	3	75	53	53	21	3
	18	46	6	26	18	6
	19	45	70	45	19	11
	22	28	10	28	28	28
	5	30	54	30	30	30
	4	76	69	76	76	29
	2	74	13	74	74	13
	21	21	21	21	75	26
	14	46	46	46	78	46
	11	27	27	27	27	27
	20	20	20	20	77	10
	12	3	70	53	12	12
	22	22	22	22	22	54
	6	6	6	18	6	45
	5	5	5	29	5	29
	19	19	19	19	4	69
	2	2	2	26	2	26
	14	28	75	75	75	75
	13	30	78	78	78	13
	11	3	11	76	11	11
	10	70	10	77	10	10
	53	53	74	53	74	53
	54	54	18	54	54	54
	4	45	21	45	45	45
	12	46	69	46	46	46
	27	20	27	27	27	27
	14	29	29	29	14	29
	28	28	28	28	28	28
	30	30	76	30	76	30
	6	22	26	22	77	26
	3	3	70	70	3	70
	5	5	19	19	5	13
	2	18	18	18	18	69
	4	21	78	21	21	12
	75	20	75	75	75	11
	74	53	74	74	74	10
	54	6	77	45	45	45
	14	46	14	46	14	14
	13	2	76	76	13	13
	26	22	26	69	22	69
	27	27	27	27	27	27
	29	29	29	29	29	29
	12	4	78	78	12	12
	19	19	30	19	11	70
	20	20	28	20	20	20
	53	3	10	53	3	3
	54	5	77	21	5	5
	18	6	18	18	6	6
	75	2	75	46	2	2
	74	45	74	45	45	45
	76	22	26	22	22	69
	70	4	30	70	13	4
	14	14	14	14	14	14
	11	11	11	11	11	11
	10	28	28	21	10	10
	54	54	78	46	54	12
	77	77	77	19	53	19
	76	27	27	69	27	3
	20	29	29	20	29	29
	18	26	26	18	5	5
	75	30	75	13	13	6
	74	74	74	70	74	2
	21	21	21	21	21	21
	22	4	78	22	22	4
	53	12	76	45	12	45
	3	46	28	46	46	46
	69	69	69	69	69	69
	19	10	10	10	10	19
	14	14	14	14	14	6
	20	54	30	11	11	2
	18	18	27	70	18	18
	77	77	77	13	77	5
	26	26	26	26	75	26
	29	29	29	29	78	29
	3	53	53	53	53	3
	76	76	76	28	76	4
	12	12	12	12	74	12
	45	22	45	45	45	22
	6	6	6	70	20	6
	2	21	54	30	21	2
	19	19	27	13	19	19
	5	11	5	11	75	5
	46	10	46	10	46	10
	69	78	78	69	78	69
	28	14	28	28	18	14
	4	74	4	4	74	4
	3	20	77	26	77	3
	30	22	30	30	70	30
	29	13	29	29	54	29
	27	21	53	53	75	53
	2	76	76	76	76	2
	12	12	45	12	18	12
	6	11	6	11	11	11
	5	19	5	26	19	19
	20	10	46	54	20	10
	70	14	70	70	70	14
	22	22	69	69	22	13
	3	78	78	28	78	28
	27	74	74	74	74	27
	21	21	4	77	77	21
	45	75	75	75	75	18
	2	2	2	30	2	30
	26	26	46	26	6	26
	29	29	53	29	53	29
	54	54	54	54	76	54
	5	5	5	12	5	12
	13	13	3	13	13	13
	20	20	20	11	11	11
	19	10	19	10	10	10
	14	14	69	14	14	14
	18	28	4	28	4	28
	45	27	45	27	45	27
	22	70	70	22	22	22
	46	6	6	6	78	46
	77	77	21	30	77	30
	74	74	3	74	74	74
	76	76	2	76	76	76
	53	53	53	53	75	75
	26	26	69	26	12	26
	29	29	29	29	5	29
	54	54	18	54	54	18
	19	4	19	19	11	19
	20	78	20	20	78	13
	10	28	21	28	10	10
	3	3	3	27	3	14
	45	70	45	45	2	70
	46	46	46	46	46	46
	30	30	6	30	12	12
	5	69	22	22	77	69
	75	4	75	75	75	11
	53	53	74	53	74	13
	76	26	21	21	76	14
	27	27	18	18	78	27
	54	2	2	2	2	29
	28	28	28	28	6	28
	77	5	20	20	5	10
	45	70	19	19	19	70
	11	4	4	4	11	11
	12	3	3	3	3	12
	13	69	22	22	13	13
	26	26	26	26	14	14
	30	30	78	30	78	78
	54	29	74	29	46	74
	53	6	76	21	21	76
	18	18	77	18	18	77
	75	10	75	45	10	75
	27	27	27	27	20	27
	5	5	5	5	5	70
	19	2	28	69	69	69
	22	12	54	12	12	12
	46	4	46	4	11	11
	53	6	53	6	13	13
	3	14	74	14	14	14
	45	30	30	30	45	78
	21	29	29	29	21	76
	20	26	26	26	20	26
	19	70	77	70	19	10
	22	28	28	28	22	28
	2	2	54	2	18	54
	75	3	75	3	69	75
	74	5	74	27	46	74
	4	4	78	4	11	78
	6	6	76	6	13	76
	12	12	53	12	12	53
	21	45	77	45	45	77
	10	10	30	10	10	10
	20	14	70	14	20	14
	18	18	69	69	18	69
	19	29	29	29	19	29
	22	5	27	5	22	46
	11	26	26	11	11	54
	3	3	3	13	13	13
	2	2	28	2	28	28
	21	21	75	75	21	75
	4	30	78	78	30	78
	6	70	74	74	70	74
	76	12	76	76	76	76
	53	45	53	53	53	53
	20	27	77	77	20	77
