	48	48	49	49	49	50
	51	51	51	51	51	51
	52	52	52	52	52	52
	53	53	53	53	53	53
	54	54	54	54	54	54
	55	50	50	50	50	50
	49	49	48	48	48	48
	51	51	51	51	51
	52	52	52	52
	48	53	53	53	53	53
	50	50	50	50	50	50
	54	54	54	54	54	54
	48	48	51	51	51	51
	53	53	53	53	53	53
	48	48	52	52	52	52
	50	50	50	50	50	50
	51	51	51	51	51	51
	54	54	54	54	54	54
	53	53	53	53	53
	52	52	52	52	52	52
	49	49	48	48	50	50
	51	51	51	51	51	51
	54	54	54	54	54	54
	50	50	50	50	50	50
	53	53	53	53	53	53
	52	52	52	52	52	52
	51	51	51	51	51	51
	54	54	54	54	54	54
	50	50	50	50	50	50
	53	53	53	53	53
	52	52	52	52	52	52
	51	51	51	51	51	51
	54	54	54	54	54	54
	50	50	50	50	50	50
	52	52	52	52	52	52
	53	53	53	53	53	53
	51	51	51	51	51	51
	54	54	54	54	54	54
	50	50	50	50	50	50
	52	52	52	52	52	52
	55	49	49	48	48	53
	51	51	51	51	51	51
	54	54	54	54	54	54
	53	53	53	53	53	53
	50	50	50	50	50	50
	52	52	52	52	52	52
	51	51	51	51	51	51
	54	54	54	54	54	54
	53	53	53	53	53	53
	50	50	50	50	50	50
	52	52	52	52	52	52
	51	51	51	51	51	51
	54	54	54	54	54	54
	53	53	53	53	53	53
	50	50	50	50	50	50
	52	52	52	52	52	52
	51	51	51	51	51	51
	54	54	54	54	54	54
	53	53	53	53	53	53
	50	50	50	50	50	50
	49	49	48	48	48	52
	51	51	51	51	51	51
	52	52	52	52	52
	54	54	54	54	54	54
	53	53	53	53	53	53
	50	50	50	50	50	50
	51	51	51	51	51	51
	54	54	54	54	54	54
	52	52	52	52	52	52
	53	53	53	53	53	53
	50	50	50	50	50	50
	51	51	51	51	51	51
	54	54	54	54	54	54
	52	52	52	52	52	52
	53	53	53	53	53	53
	50	50	50	50	50	50
	51	51	51	51	51	51
	54	54	54	54	54	54
	52	52	52	52	52	52
	53	53	53	53	53	53
	55	48	48	49	49	49
	49	49	55	48	48	48
	50	50	50	50	50
	51	51	51	51	51	51
	52	52	52	52	52	52
	48	54	54	54	54	54
	53	53	53	53	53	53
	48	51	51	51	51	51
	52	52	52	52	52	52
	54	54	54	54	54	54
	48	50	50	50	53	53
	51	51	51	51	51	51
	53	53	53	53	53	53
	52	52	54	54	54	54
	51	54	54	54	54	54
	53	53	53	53	53	53
	54	54	54	54	54	54
	53	53	53	53	53	53
	54	54	54	54	54	54
	53	53	53	53	53	53
	53	53	53	53	53	53
	54	54	54	54	54	54
	53	53	53	53	53	53
	54	54	54	54	54	54
	53	53	53	53	53	53
	54	54	54	54	54	54
	53	53	53	53	53	53
	54	54	54	54	54	54
	53	53	53	53	53	53
	54	54	54	54	54	54
	53	53	53	53	53	53
	54	54	54	54	54	54
	53	53	53	53	53	53
	54	54	54	54	54	54
	53	53	53	53	53	53
	54	54	54	54	54	54
	53	53	53	53	53	53
	54	54	54	54	54	54
	53	53	53	53	53	53
	54	54	54	54	54	54
	53	53	53	53	53	53
	54	54	54	54	54	54
	53	53	53	53	53	53
	54	54	54	54	54	54
	53	53	53	53	53	53
	54	54	54	54	54
	53	53	53	53	53
	54	54	54	54	54	54
	53	53	53	53	53	53
	54	54	54	54	54	54
	53	53	53	53	53	53
	54	54	54	54	54	54
	53	53	53	53	53	53
	54	54	54	54	54	54
	53	53	53	53	53	53
	54	54	54	54	54	54
	53	53	53	53	53	53
	54	54	54	54	54	54
	53	53	53	53	53
	54	54	54	54	54	54
	54	54	54	54	54	54
	53	53	53	53	53	53
	54	54	54	54	54	54
	53	53	53	53	53	53
	54	54	54	54	54	54
	53	53	53	53	53	53
	54	54	54	54	54	54
	53	53	53	53	53	53
	54	54	54	54	54	54
	53	53	53	53	53	53
	54	54	54	54	54	54
	53	53	53	53	53	53
	54	54	54	54	54	54
	53	53	53	53	53	53
	54	54	54	54	54	54
	53	53	53	53	53	53
	54	54	54	54	54	54
	53	53	53	53	53	53
	54	54	54	54	54	54
	53	53	53	53	53	53
	54	54	54	54	54	54
	53	53	53	53	53	53
	54	54	54	54	54	54
	53	53	53	53	53	53
	54	54	54	54	54	54
	53	53	53	53	53	53
	54	54	54	54	54	54
	53	53	53	53	53	53
	54	54	54	54	54	54
	53	53	53	53	53	53
	54	54	54	54	54	54
	53	53	53	53	53	53
	54	54	54	54	54	54
	53	53	53	53	53	53
	54	54	54	54	54	54
	53	53	53	53	53	53
	54	54	54	54	54	54
	53	53	53	53	53	53
	54	54	54	54	54	54
	53	53	53	53	53	53
	54	54	54	54	54	54
	53	53	53	53	53	53
	54	54	54	54	54	54
	53	53	53	53	53	53
	54	54	54	54	54	54
	53	53	53	53	53	53
	54	54	54	54	54	54
	53	53	53	53	53	53
	54	54	54	54	54	54
	53	53	53	53	53	53
	54	54	54	54	54
	53	53	53	53	53
	54	54	54	54	54	54
	53	53	53	53	53	53
	54	54	54	54	54	54
	53	53	53	53	53	53
	54	54	54	54	54	54
	53	53	53	53	53	53
	54	54	54	54	54	54
	53	53	53	53	53
	54	54	54	54	54	54
	53	53	53	53	53	53
	54	54	54	54	54	54
	53	53	53	53	53	53
	54	54	54	54	54	54
	53	53	53	53	53
	54	54	54	54	54	54
	53	53	53	53	53	53
	54	54	54	54	54	54
	53	53	53	53	53	53
	54	54	54	54	54	54
	53	53	53	53	53	53
	54	54	54	54	54	54
	53	53	53	53	53	53
	54	54	54	54	54	54
	53	53	53	53	53	53
	54	54	54	54	54	54
	53	53	53	53	53	53
	54	54	54	54	54	54
	53	53	53	53	53	53
	54	54	54	54	54	54
	53	53	53	53	53	53
	54	54	54	54	54	54
	53	53	53	53	53	53
	54	54	54	54	54	54
	53	53	53	53	53	53
	54	54	54	54	54	54
	53	53	53	53	53	53
	54	54	54	54	54	54
	53	53	53	53	53
	54	54	54	54	54	54
	54	54	54	54	54	54
	53	53	53	53	53	53
	54	54	54	54	54	54
	53	53	53	53	53	53
	54	54	54	54	54	54
	53	53	53	53	53	53
	54	54	54	54	54	54
	53	53	53	53	53	53
	54	54	54	54	54	54
	53	53	53	53	53	53
	54	54	54	54	54	54
	53	53	53	53	53	53
	54	54	54	54	54	54
	53	53	53	53	53	53
	54	54	54	54	54	54
	53	53	53	53	53
	54	54	54	54	54	54
	53	53	53	53	53	53
	54	54	54	54	54	54
	53	53	53	53	53	53
	54	54	54	54	54	54
	53	53	53	53	53	53
	54	54	54	54	54	54
	53	53	53	53	53	53
	54	54	54	54	54	54
	53	53	53	53	53	53
	54	54	54	54	54
	53	53	53	53	53
	54	54	54	54	54	54
	53	53	53	53	53	53
	54	54	54	54	54	54
	53	53	53	53	53	53
	54	54	54	54	54	54
	53	53	53	53	53	53
	54	54	54	54	54	54
	53	53	53	53	53	53
	54	54	54	54	54	54
	53	53	53	53	53	53
	54	54	54	54	54	54
	53	53	53	53	53	53
	54	54	54	54	54	54
	53	53	53	53	53	53
	54	54	54	54	54	54
	53	53	53	53	53	53
	54	54	54	54	54	54
	53	53	53	53	53	53
	54	54	54	54	54	54
	53	53	53	53	53	53
	54	54	54	54	54	54
	53	53	53	53	53	53
	54	54	54	54	54	54
	53	53	53	53	53	53
	54	54	54	54	54	54
	53	53	53	53	53	53
	54	54	54	54	54	54
	53	53	53	53	53	53
	54	54	54	54	54	54
	53	53	53	53	53	53
	54	54	54	54	54	54
	53	53	53	53	53	53
	54	54	54	54	54	54
	53	53	53	53	53	53
	54	54	54	54	54	54
	53	53	53	53	53	53
	54	54	54	54	54	54
	53	53	53	53	53	53
	54	54	54	54	54	54
	53	53	53	53	53	53
	54	54	54	54	54	54
	53	53	53	53	53	53
	54	54	54	54	54	54
	53	53	53	53	53	53
	54	54	54	54	54	54
	53	53	53	53	53	53
	54	54	54	54	54	54
	53	53	53	53	53	53
	54	54	54	54	54	54
	53	53	53	53	53	53
	54	54	54	54	54	54
	53	53	53	53	53	53
	54	54	54	54	54	54
	53	53	53	53	53	53
	54	54	54	54	54	54
	53	53	53	53	53	53
	54	54	54	54	54	54
	53	53	53	53	53	53
	54	54	54	54	54	54
	53	53	53	53	53	53
	54	54	54	54	54	54
	53	53	53	53	53	53
	54	54	54	54	54	54
	53	53	53	53	53
	54	54	54	54	54	54
	54	54	54	54	54	54
	53	53	53	53	53	53
	54	54	54	54	54	54
	53	53	53	53	53	53
	54	54	54	54	54	54
	53	53	53	53	53	53
	54	54	54	54	54	54
	53	53	53	53	53	53
	54	54	54	54	54	54
	53	53	53	53	53	53
	54	54	54	54	54
	53	53	53	53	53	53
	54	54	54	54	54	54
	53	53	53	53	53	53
	54	54	54	54	54	54
	53	53	53	53	53	53
	54	54	54	54	54	54
	53	53	53	53	53	53
	54	54	54	54	54	54
	53	53	53	53	53	53
	54	54	54	54	54	54
	53	53	53	53	53	53
	54	54	54	54	54	54
	53	53	53	53	53	53
	54	54	54	54	54	54
	53	53	53	53	53
	54	54	54	54	54	54
	53	53	53	53	53
	54	54	54	54	54	54
	53	53	53	53	53	53
	54	54	54	54	54	54
	53	53	53	53	53	53
	54	54	54	54	54	54
	53	53	53	53	53	53
	54	54	54	54	54	54
	53	53	53	53	53	53
	54	54	54	54	54	54
	53	53	53	53	53
	54	54	54	54	54
	53	53	53	53	53	53
	54	54	54	54	54	54
	53	53	53	53	53	53
	54	54	54	54	54	54
	53	53	53	53	53	53
	54	54	54	54	54	54
	53	53	53	53	53	53
	54	54	54	54	54	54
	53	53	53	53	53	53
	54	54	54	54	54	54
	53	53	53	53	53	53
	54	54	54	54	54
	53	53	53	53	53
	54	54	54	54	54	54
	53	53	53	53	53	53
	54	54	54	54	54	54
	53	53	53	53	53	53
	54	54	54	54	54	54
	53	53	53	53	53	53
	54	54	54	54	54	54
	53	53	53	53	53	53
	54	54	54	54	54	54
	53	53	53	53	53	53
	54	54	54	54	54	54
	53	53	53	53	53	53
	54	54	54	54	54	54
	53	53	53	53	53	53
	54	54	54	54	54	54
	53	53	53	53	53	53
	54	54	54	54	54	54
	53	53	53	53	53	53
	54	54	54	54	54	54
	53	53	53	53	53	53
	54	54	54	54	54	54
	53	53	53	53	53	53
	54	54	54	54	54	54
	53	53	53	53	53	53
	54	54	54	54	54	54
	53	53	53	53	53	53
	54	54	54	54	54	54
	53	53	53	53	53	53
	54	54	54	54	54	54
	53	53	53	53	53	53
	54	54	54	54	54	54
	53	53	53	53	53	53
	54	54	54	54	54	54
	53	53	53	53	53	53
	54	54	54	54	54	54
	53	53	53	53	53	53
	54	54	54	54	54	54
	53	53	53	53	53	53
	54	54	54	54	54	54
	53	53	53	53	53	53
	54	54	54	54	54	54
	53	53	53	53	53	53
	54	54	54	54	54	54
	53	53	53	53	53	53
	54	54	54	54	54	54
	53	53	53	53	53	53
	54	54	54	54	54	54
	53	53	53	53	53	53
	54	54	54	54	54	54
	53	53	53	53	53	53
	54	54	54	54	54	54
	53	53	53	53	53	53
	54	54	54	54	54	54
	53	53	53	53	53	53
	54	54	54	54	54	54
	53	53	53	53	53	53
	54	54	54	54	54	54
	53	53	53	53	53	53
	54	54	54	54	54	54
	53	53	53	53	53	53
	54	54	54	54	54	54
	53	53	53	53	53	53
	54	54	54	54	54
	53	53	53	53	53	53
	54	54	54	54	54	54
	53	53	53	53	53	53
	54	54	54	54	54	54
	53	53	53	53	53	53
	54	54	54	54	54	54
	53	53	53	53	53	53
	54	54	54	54	54	54
	53	53	53	53	53	53
	54	54	54	54	54	54
	53	53	53	53	53	53
	54	54	54	54	54	54
	53	53	53	53	53	53
	54	54	54	54	54	54
	53	53	53	53	53	53
	54	54	54	54	54
	53	53	53	53	53	53
	54	54	54	54	54
	53	53	53	53	53	53
	54	54	54	54	54	54
	53	53	53	53	53	53
	54	54	54	54	54	54
	53	53	53	53	53	53
	54	54	54	54	54	54
	53	53	53	53	53	53
	54	54	54	54	54	54
	53	53	53	53	53	53
	54	54	54	54	54	54
	53	53	53	53	53	53
	54	54	54	54	54
	53	53	53	53	53	53
	53	53	53	53	53	53
	54	54	54	54	54	54
	53	53	53	53	53	53
	54	54	54	54	54	54
	53	53	53	53	53	53
	54	54	54	54	54	54
	53	53	53	53	53	53
	54	54	54	54	54	54
	53	53	53	53	53	53
	54	54	54	54	54	54
	53	53	53	53	53	53
	54	54	54	54	54	54
	53	53	53	53	53	53
	54	54	54	54	54	54
	53	53	53	53	53	53
	54	54	54	54	54	54
	53	53	53	53	53	53
	54	54	54	54	54	54
	53	53	53	53	53	53
	54	54	54	54	54	54
	53	53	53	53	53	53
	54	54	54	54	54	54
	53	53	53	53	53
	54	54	54	54	54	54
	54	54	54	54	54	54
	53	53	53	53	53	53
	54	54	54	54	54	54
	53	53	53	53	53	53
	54	54	54	54	54	54
	53	53	53	53	53	53
	54	54	54	54	54	54
	53	53	53	53	53	53
	54	54	54	54	54	54
	53	53	53	53	53	53
	54	54	54	54	54	54
	53	53	53	53	53	53
	54	54	54	54	54	54
	53	53	53	53	53	53
	54	54	54	54	54	54
	53	53	53	53	53	53
	54	54	54	54	54	54
	53	53	53	53	53	53
	54	54	54	54	54	54
	53	53	53	53	53	53
	54	54	54	54	54	54
	53	53	53	53	53	53
	54	54	54	54	54	54
	53	53	53	53	53
	54	54	54	54	54	54
	54	54	54	54	54	54
	53	53	53	53	53	53
	54	54	54	54	54	54
	53	53	53	53	53	53
	54	54	54	54	54	54
	53	53	53	53	53	53
	54	54	54	54	54	54
	53	53	53	53	53	53
	54	54	54	54	54	54
	53	53	53	53	53	53
	54	54	54	54	54	54
	53	53	53	53	53	53
	54	54	54	54	54	54
	53	53	53	53	53	53
	54	54	54	54	54	54
	53	53	53	53	53	53
	54	54	54	54	54	54
	53	53	53	53	53	53
	54	54	54	54	54	54
	53	53	53	53	53	53
	54	54	54	54	54	54
	53	53	53	53	53
	54	54	54	54	54	54
	53	53	53	53	53	53
	54	54	54	54	54	54
	53	53	53	53	53	53
	54	54	54	54	54	54
	53	53	53	53	53	53
	54	54	54	54	54	54
	53	53	53	53	53	53
	54	54	54	54	54	54
	53	53	53	53	53	53
	54	54	54	54	54	54
	53	53	53	53	53	53
	54	54	54	54	54	54
	53	53	53	53	53	53
	54	54	54	54	54	54
	53	53	53	53	53	53
	54	54	54	54	54	54
	53	53	53	53	53	53
	54	54	54	54	54	54
	53	53	53	53	53	53
	54	54	54	54	54	54
	53	53	53	53	53	53
	54	54	54	54	54	54
	53	53	53	53	53	53
	54	54	54	54	54	54
	53	53	53	53	53	53
	54	54	54	54	54	54
	53	53	53	53	53	53
	54	54	54	54	54	54
	53	53	53	53	53
	54	54	54	54	54
	53	53	53	53	53
	54	54	54	54	54
	53	53	53	53	53
	54	54	54	54
	53	53	53	53	53	53
	54	54	54	54	54	54
	53	53	53	53	53	53
	54	54	54	54	54	54
	53	53	53	53	53	53
	54	54	54	54	54	54
	53	53	53	53	53	53
	54	54	54	54	54	54
	53	53	53	53	53	53
	54	54	54	54	54	54
	53	53	53	53	53	53
	54	54	54	54	54	54
	53	53	53	53	53	53
	54	54	54	54	54	54
	53	53	53	53	53	53
	54	54	54	54	54	54
	53	53	53	53	53	53
	54	54	54	54	54
	53	53	53	53	53
	54	54	54	54	54	54
	53	53	53	53	53	53
	54	54	54	54	54	54
	53	53	53	53	53	53
	54	54	54	54	54	54
	53	53	53	53	53	53
	54	54	54	54	54	54
	53	53	53	53	53	53
	54	54	54	54	54	54
	53	53	53	53	53	53
	54	54	54	54	54	54
	53	53	53	53	53	53
	54	54	54	54	54	54
	53	53	53	53	53	53
	54	54	54	54	54	54
	53	53	53	53	53	53
	54	54	54	54	54	54
	53	53	53	53	53	53
	54	54	54	54	54
	53	53	53	53	53
	54	54	54	54	54	54
	53	53	53	53	53	53
	54	54	54	54	54	54
	53	53	53	53	53	53
	54	54	54	54	54	54
	53	53	53	53	53	53
	54	54	54	54	54	54
	53	53	53	53	53	53
	54	54	54	54	54	54
	53	53	53	53	53	53
	54	54	54	54	54	54
	53	53	53	53	53	53
	54	54	54	54	54	54
	53	53	53	53	53	53
	54	54	54	54	54	54
	53	53	53	53	53	53
	54	54	54	54	54	54
	53	53	53	53	53	53
	54	54	54	54	54	54
	53	53	53	53	53	53
	54	54	54	54	54	54
	53	53	53	53	53	53
	54	54	54	54	54	54
	53	53	53	53	53	53
	54	54	54	54	54	54
	53	53	53	53	53	53
	54	54	54	54	54	54
	53	53	53	53	53	53
	54	54	54	54	54	54
	53	53	53	53	53	53
	54	54	54	54	54	54
	53	53	53	53	53	53
	54	54	54	54	54
	53	53	53	53	53
	54	54	54	54	54	54
	53	53	53	53	53	53
	54	54	54	54	54	54
	53	53	53	53	53
	54	54	54	54	54	54
	53	53	53	53	53	53
	54	54	54	54	54	54
	53	53	53	53	53	53
	54	54	54	54	54	54
	53	53	53	53	53	53
	54	54	54	54	54	54
	53	53	53	53	53	53
	54	54	54	54	54	54
	53	53	53	53	53	53
	54	54	54	54	54	54
	53	53	53	53	53	53
	54	54	54	54	54	54
	53	53	53	53	53	53
	54	54	54	54	54
	53	53	53	53	53
	54	54	54	54	54	54
	53	53	53	53	53	53
	54	54	54	54	54	54
	53	53	53	53	53	53
	54	54	54	54	54	54
	53	53	53	53	53	53
	54	54	54	54	54	54
	53	53	53	53	53	53
	54	54	54	54	54	54
	53	53	53	53	53	53
	54	54	54	54	54	54
	53	53	53	53	53
	54	54	54	54	54	54
	53	53	53	53	53	53
	54	54	54	54	54	54
	53	53	53	53	53	53
	54	54	54	54	54	54
	53	53	53	53	53	53
	54	54	54	54	54	54
	53	53	53	53	53	53
	54	54	54	54	54	54
	53	53	53	53	53	53
	54	54	54	54	54	54
	53	53	53	53	53	53
	54	54	54	54	54	54
	53	53	53	53	53	53
	54	54	54	54	54	54
	53	53	53	53	53	53
	54	54	54	54	54	54
	53	53	53	53	53	53
	54	54	54	54	54	54
	53	53	53	53	53	53
	54	54	54	54	54	54
	53	53	53	53	53	53
	54	54	54	54	54	54
	53	53	53	53	53	53
	54	54	54	54	54	54
	53	53	53	53	53	53
	54	54	54	54	54	54
	53	53	53	53	53	53
	54	54	54	54	54	54
	53	53	53	53	53	53
	54	54	54	54	54	54
	53	53	53	53	53	53
	54	54	54	54	54	54
	53	53	53	53	53	53
	54	54	54	54	54	54
	53	53	53	53	53	53
	54	54	54	54	54	54
	53	53	53	53	53	53
	54	54	54	54	54	54
	53	53	53	53	53	53
	54	54	54	54	54	54
	53	53	53	53	53	53
	54	54	54	54	54	54
	53	53	53	53	53	53
	54	54	54	54	54	54
	53	53	53	53	53	53
	54	54	54	54	54	54
	53	53	53	53	53	53
	54	54	54	54	54	54
	53	53	53	53	53	53
	54	54	54	54	54	54
	53	53	53	53	53	53
	54	54	54	54	54	54
	53	53	53	53	53	53
	54	54	54	54	54
	53	53	53	53	53	53
	53	53	53	53	53	53
	54	54	54	54	54	54
	53	53	53	53	53	53
	54	54	54	54	54	54
	53	53	53	53	53	53
	54	54	54	54	54	54
	53	53	53	53	53	53
	54	54	54	54	54
	53	53	53	53	53	53
	54	54	54	54	54	54
	53	53	53	53	53	53
	54	54	54	54	54
	53	53	53	53	53
	54	54	54	54	54	54
	53	53	53	53	53	53
	54	54	54	54	54	54
	53	53	53	53	53	53
	54	54	54	54	54	54
	53	53	53	53	53	53
	54	54	54	54	54	54
	53	53	53	53	53	53
	54	54	54	54	54	54
	53	53	53	53	53	53
	54	54	54	54	54	54
	53	53	53	53	53	53
	54	54	54	54	54	54
	53	53	53	53	53	53
	54	54	54	54	54
	53	53	53	53	53	53
	54	54	54	54	54	54
	53	53	53	53	53	53
	54	54	54	54	54	54
	53	53	53	53	53	53
	54	54	54	54	54	54
	53	53	53	53	53	53
	54	54	54	54	54	54
	53	53	53	53	53
	54	54	54	54	54	54
	53	53	53	53	53	53
	54	54	54	54	54	54
	53	53	53	53	53	53
	54	54	54	54	54	54
	53	53	53	53	53	53
	54	54	54	54	54	54
	53	53	53	53	53	53
	54	54	54	54	54	54
	53	53	53	53	53	53
	54	54	54	54	54	54
	53	53	53	53	53	53
	54	54	54	54	54	54
	53	53	53	53	53	53
	54	54	54	54	54	54
	53	53	53	53	53	53
	54	54	54	54	54	54
	53	53	53	53	53	53
	54	54	54	54	54	54
	53	53	53	53	53	53
	54	54	54	54	54	54
	53	53	53	53	53	53
	54	54	54	54	54	54
	53	53	53	53	53	53
	54	54	54	54	54	54
	53	53	53	53	53	53
	54	54	54	54	54	54
	53	53	53	53	53	53
	54	54	54	54	54
	53	53	53	53	53
	54	54	54	54	54	54
	53	53	53	53	53	53
	54	54	54	54	54	54
	53	53	53	53	53	53
	54	54	54	54	54	54
	53	53	53	53	53	53
	54	54	54	54	54	54
	53	53	53	53	53	53
	54	54	54	54	54	54
	53	53	53	53	53	53
	54	54	54	54	54	54
	53	53	53	53	53	53
	54	54	54	54	54	54
	53	53	53	53	53	53
	54	54	54	54	54	54
	53	53	53	53	53	53
	54	54	54	54	54	54
	53	53	53	53	53	53
	54	54	54	54	54	54
	53	53	53	53	53	53
	54	54	54	54	54	54
	53	53	53	53	53	53
	54	54	54	54	54	54
	53	53	53	53	53	53
	54	54	54	54	54	54
	53	53	53	53	53	53
	54	54	54	54	54	54
	53	53	53	53	53	53
	54	54	54	54	54	54
	53	53	53	53	53	53
	54	54	54	54	54	54
	53	53	53	53	53	53
	54	54	54	54
	53	53	53	53	53	53
	53	53	53	53	53	53
	54	54	54	54	54	54
	53	53	53	53	53	53
	54	54	54	54	54	54
	53	53	53	53	53	53
	54	54	54	54	54	54
	53	53	53	53	53	53
	54	54	54	54	54	54
	53	53	53	53	53	53
	54	54	54	54	54	54
	53	53	53	53	53	53
	54	54	54	54	54	54
	53	53	53	53	53	53
	54	54	54	54	54	54
	53	53	53	53	53	53
	54	54	54	54	54	54
	53	53	53	53	53	53
	54	54	54	54	54	54
	53	53	53	53	53
	54	54	54	54	54	54
	54	54	54	54	54	54
	53	53	53	53	53	53
	54	54	54	54	54	54
	53	53	53	53	53	53
	54	54	54	54	54	54
	53	53	53	53	53	53
	54	54	54	54	54	54
	53	53	53	53	53	53
	54	54	54	54	54	54
	53	53	53	53	53	53
	54	54	54	54	54	54
	53	53	53	53	53	53
	54	54	54	54	54	54
	53	53	53	53	53	53
	54	54	54	54	54	54
	53	53	53	53	53	53
	54	54	54	54	54	54
	53	53	53	53	53	53
	54	54	54	54	54	54
	53	53	53	53	53	53
	54	54	54	54	54	54
	53	53	53	53	53	53
	54	54	54	54	54	54
	53	53	53	53	53	53
	54	54	54	54	54	54
	53	53	53	53	53	53
	54	54	54	54	54	54
	53	53	53	53	53
	54	54	54	54	54	54
	53	53	53	53	53	53
	54	54	54	54	54	54
	53	53	53	53	53	53
	54	54	54	54	54	54
	53	53	53	53	53	53
	54	54	54	54	54	54
	53	53	53	53	53	53
	54	54	54	54	54	54
	53	53	53	53	53	53
	54	54	54	54	54	54
	53	53	53	53	53	53
	54	54	54	54	54	54
	53	53	53	53	53
	54	54	54	54	54	54
	54	54	54	54	54	54
	53	53	53	53	53	53
	54	54	54	54	54	54
	53	53	53	53	53	53
	54	54	54	54	54	54
	53	53	53	53	53	53
	54	54	54	54	54	54
	53	53	53	53	53	53
	54	54	54	54	54	54
	53	53	53	53	53	53
	54	54	54	54	54	54
	53	53	53	53	53	53
	54	54	54	54	54	54
	53	53	53	53	53	53
	54	54	54	54	54	54
	53	53	53	53	53	53
	54	54	54	54	54	54
	53	53	53	53	53	53
	54	54	54	54	54	54
	53	53	53	53	53	53
	54	54	54	54	54	54
	53	53	53	53	53	53
	54	54	54	54	54	54
	53	53	53	53	53	53
	54	54	54	54	54	54
	53	53	53	53	53	53
	54	54	54	54	54	54
	53	53	53	53	53	53
	54	54	54	54	54	54
	53	53	53	53	53	53
	54	54	54	54	54	54
	53	53	53	53	53	53
	54	54	54	54	54	54
	53	53	53	53	53	53
	54	54	54	54	54	54
	53	53	53	53	53	53
	54	54	54	54	54	54
	53	53	53	53	53	53
	54	54	54	54	54	54
	53	53	53	53	53	53
	54	54	54	54	54	54
	53	53	53	53	53	53
	54	54	54	54	54	54
	53	53	53	53	53	53
	54	54	54	54	54	54
	53	53	53	53	53	53
	54	54	54	54	54
	53	53	53	53	53	53
	54	54	54	54	54	54
	53	53	53	53	53	53
	54	54	54	54	54	54
	53	53	53	53	53	53
	54	54	54	54	54	54
	53	53	53	53	53	53
	54	54	54	54	54	54
	53	53	53	53	53	53
	54	54	54	54	54	54
	53	53	53	53	53	53
	54	54	54	54	54	54
	53	53	53	53	53	53
	54	54	54	54	54
	53	53	53	53	53	53
	54	54	54	54	54	54
	53	53	53	53	53	53
	54	54	54	54	54	54
	53	53	53	53	53	53
	54	54	54	54	54	54
	53	53	53	53	53	53
	54	54	54	54	54	54
	53	53	53	53	53	53
	54	54	54	54	54	54
	53	53	53	53	53	53
	54	54	54	54	54	54
	53	53	53	53	53	53
	54	54	54	54	54	54
	53	53	53	53	53	53
	54	54	54	54	54	54
	53	53	53	53	53	53
	54	54	54	54	54	54
	53	53	53	53	53	53
	54	54	54	54
	53	53	53	53	53
	54	54	54	54	54	54
	53	53	53	53	53	53
	54	54	54	54	54	54
	53	53	53	53	53	53
	54	54	54	54	54	54
	53	53	53	53	53	53
	54	54	54	54	54	54
	53	53	53	53	53	53
	54	54	54	54	54
	53	53	53	53	53	53
	54	54	54	54	54	54
	53	53	53	53	53	53
	54	54	54	54	54	54
	53	53	53	53	53	53
	54	54	54	54	54	54
	53	53	53	53	53	53
	54	54	54	54	54	54
	53	53	53	53	53	53
	40	64	40	65	66	66
	41	67	41	67	67	67
	42	68	42	68	68	68
	69	69	43	69	69	69
	70	70	44	70	70	70
	71	45	45	45	45	45
	46	46	46	46	46	46
	47	66	43	43	66	66
	44	44	44	44	44	44
	42	42	42	42	42	42
	67	67	54	67	67	67
	68	68	53	68	68	68
	69	69	43	69	69	69
	70	70	45	70	70	70
	66	66	54	66	66	66
	53	46	53	46	46	46
	43	43	43	43	43	43
	45	45	45	45	45	45
	44	44	44	44	44	44
	67	67	54	42	42	67
	64	65	40	41	68	68
	69	69	53	69	69	69
	70	70	54	70	70	70
	66	66	46	66	66	46
	42	42	42	42	68	42
	53	43	53	43	67	43
	45	45	54	45	68	45
	44	44	44	44	67	44
	46	46	46	46	69	46
	68	68	54	68	68	68
	70	70	53	70	70	70
	66	66	66	66	66	66
	67	67	67	67	67	67
	69	69	43	69	69	43
	42	54	54	42	42	42
	45	53	53	45	45	45
	44	68	44	68	68	68
	46	70	46	46	70	46
	43	54	43	43	66	43
	69	53	69	69	69	69
	71	47	47	65	64	40
	41	41	41	40	40	67
	42	54	42	66	66	66
	44	53	70	70	70	70
	45	45	68	68	68	68
	67	54	67	67	67	67
	46	53	53	69	46	46
	43	43	66	66	43	43
	44	44	54	44	44	44
	42	42	42	42	42	69
	45	45	45	45	45	70
	46	54	68	68	68	68
	43	53	53	69	69	53
	66	54	66	66	66	66
	70	46	70	70	70	70
	67	44	67	67	67	67
	42	42	42	42	69	69
	43	43	43	43	68	54
	46	46	46	46	53	53
	45	45	45	45	54	45
	65	64	64	41	41	40
	44	44	44	44	68	44
	40	54	66	66	66	66
	69	53	69	69	69	69
	70	42	70	70	70	70
	67	43	67	67	67	67
	68	54	68	68	68	68
	46	53	46	46	53	46
	45	45	45	45	54	45
	42	42	42	42	66	42
	43	43	43	43	69	43
	44	44	44	44	54	44
	70	53	70	70	53	70
	66	66	66	66	66	66
	67	67	67	67	67	67
	46	46	46	69	69	69
	68	54	68	68	68	68
	45	45	45	45	53	45
	42	42	42	42	54	42
	43	43	43	43	70	43
	47	71	65	41	64	41
	40	40	44	44	53	44
	46	46	46	46	69	46
	66	66	66	66	54	66
	67	67	67	67	67	67
	70	70	70	70	70	70
	45	68	68	68	53	68
	42	69	69	69	69	69
	54	44	54	44	54	44
	43	43	43	43	53	43
	45	45	45	45	66	45
	42	42	42	42	67	42
	46	46	46	46	70	46
	53	68	53	66	53	66
	44	44	54	67	54	67
	69	69	69	69	69	69
	70	70	70	70	70	70
	43	43	43	45	66	45
	53	42	53	42	53	67
	54	46	54	46	54	46
	66	67	45	45	69	45
	70	42	42	70	53	70
	69	69	46	46	69	69
	54	45	54	54	54	45
	53	46	53	53	53	46
	70	70	70	70	70	70
	69	45	45	45	69	45
	54	46	46	46	54	46
	53	69	53	53	53	69
	54	45	54	45	54	45
	70	70	70	70	70	46
	69	69	69	69	69	46
	53	45	53	53	53	45
	54	46	54	54	54	46
	70	70	70	45	70	45
	69	69	46	46	46	46
	69	45	53	53	53	45
	70	70	54	54	54	54
	69	69	69	45	69	45
	70	70	46	46	46	46
	53	53	53	53	53	45
	70	54	54	54	54	45
	69	69	69	46	69	69
	70	70	45	45	45	45
	46	53	46	53	46	46
	70	70	54	54	54	70
	69	69	69	69	45	69
	53	53	53	53	53	53
	46	54	54	54	46	54
	45	70	70	70	45	70
	69	69	69	69	46	69
	45	54	54	54	45	54
	46	53	70	53	46	53
	70	70	70	70	45	70
	46	69	69	69	46	69
	45	53	53	53	45	53
	46	54	54	54	46	54
	45	70	70	70	45	70
	69	69	69	69	69	53
	46	54	46	46	46	54
	45	53	45	53	45	53
	70	70	70	70	70	54
	69	69	46	69	46	54
	45	45	45	45	45	53
	46	54	46	46	46	54
	69	53	69	69	69	53
	70	70	70	70	70	70
	45	54	45	45	45	54
	46	53	46	46	46	53
	69	69	69	69	69	54
	70	53	45	70	45	53
	46	54	46	46	46	54
	45	53	45	70	70	53
	69	69	69	69	69	54
	45	54	45	45	45	54
	70	53	46	46	46	53
	70	70	45	70	70	70
	69	69	46	69	69	54
	45	53	45	45	45	53
	46	54	46	46	46	54
	70	53	45	70	70	53
	69	69	46	69	69	54
	45	54	45	45	45	54
	70	70	46	70	70	53
	69	69	46	69	69	53
	46	54	46	46	54	54
	45	45	45	45	53	53
	70	70	46	70	70	70
	69	69	53	69	69	53
	54	54	54	46	54	54
	45	45	45	45	53	45
	46	46	46	46	53	46
	70	70	70	70	70	70
	69	69	69	69	69	69
	53	53	53	45	53	53
	54	54	54	46	54	54
	45	45	45	45	45	45
	46	70	46	70	70	70
	53	69	69	69	69	69
	46	46	46	46	54	46
	53	70	53	70	53	53
	45	45	54	45	54	45
	46	69	69	69	69	69
	70	70	70	70	70	70
	54	46	54	46	54	54
	53	45	53	45	53	53
	46	46	46	46	69	46
	45	45	45	45	54	45
	70	70	70	70	70	70
	69	69	69	69	69	69
	53	46	53	46	53	53
	54	45	54	45	54	54
	46	46	46	46	53	46
	70	70	45	45	54	70
	69	69	53	69	53	69
	54	45	54	45	54	45
	70	70	70	70	70	70
	46	46	46	46	53	46
	69	69	69	45	69	45
	54	54	54	54	54	45
	53	53	53	53	53	46
	70	70	70	45	70	45
	69	69	69	46	69	46
	54	54	54	45	54	45
	53	53	53	46	53	46
	70	70	70	45	70	45
	69	69	69	46	69	46
	54	54	54	45	54	45
	70	53	53	46	53	46
	69	45	69	69	69	45
	70	54	70	70	70	70
	46	53	46	46	53	46
	69	54	54	45	54	45
	69	53	53	69	53	45
	70	54	70	70	70	70
	69	54	46	69	54	46
	45	53	45	45	53	45
	69	54	69	69	54	46
	70	53	70	70	53	70
	46	54	46	54	54	46
	45	53	69	69	53	45
	70	54	70	70	54	70
	69	53	69	69	46	69
	45	53	53	53	45	45
	46	46	54	54	46	46
	70	54	70	70	45	70
	69	53	69	69	53	69
	45	54	54	54	45	54
	70	46	46	70	46	53
	69	69	45	69	45	69
	70	53	46	70	53	53
	46	54	46	54	54	54
	45	45	45	45	45	70
	69	46	46	69	46	69
	70	53	53	70	53	53
	70	54	45	45	54	54
	69	46	46	46	46	53
	70	70	45	70	45	70
	69	69	45	69	53	53
	69	54	46	54	46	54
	70	53	45	45	45	53
	69	54	46	69	46	54
	70	70	45	70	45	53
	69	46	46	69	46	53
	70	54	45	70	45	54
	69	53	69	69	46	53
	70	54	45	70	45	54
	69	53	46	46	46	53
	70	45	45	70	45	54
	69	69	69	69	69	53
	70	46	46	70	46	54
	70	45	45	45	45	53
	54	54	46	69	46	54
	53	53	70	70	70	53
	69	69	45	69	45	54
	54	46	46	46	46	54
	70	70	45	70	45	53
	69	69	69	69	69	53
	54	54	46	46	46	54
	53	45	45	45	45	53
	70	70	70	70	70	70
	54	69	46	69	46	54
	53	53	53	45	45	53
	54	69	46	69	46	54
	54	70	45	70	45	70
	53	69	46	46	46	53
	54	69	45	69	45	54
	53	70	70	70	70	53
	54	46	46	46	46	54
	69	69	45	45	45	69
	53	70	53	70	53	53
	54	69	54	45	54	54
	69	46	46	46	46	46
	70	70	45	45	45	70
	69	69	69	69	69	69
	53	45	53	45	53	53
	54	70	54	70	54	54
	70	46	46	46	46	46
	53	45	45	45	45	45
	69	69	69	69	69	69
	70	70	70	70	70	70
	54	46	54	54	54	54
	53	46	53	53	53	53
	69	45	45	45	45	45
	70	46	70	46	46	46
	69	69	69	69	54	69
	53	45	53	70	53	70
	54	46	54	54	54	54
	69	45	69	45	69	45
	70	46	70	46	70	46
	53	45	53	53	53	45
	54	54	54	54	54	46
	69	69	69	69	69	46
	70	70	70	45	70	45
	53	53	53	46	53	46
	69	54	54	54	54	45
	70	70	70	46	46	46
	69	69	45	45	45	45
	53	53	53	53	53	53
	70	70	70	54	54	70
	69	69	69	46	46	69
	45	70	45	45	45	45
	54	54	46	54	54	54
	70	70	70	53	53	53
	69	69	69	69	46	69
	46	70	70	53	46	70
	45	54	45	54	45	54
	53	53	53	53	53	53
	46	69	69	69	46	69
	45	70	70	54	45	70
	46	54	69	54	54	54
	46	70	70	53	53	53
	45	69	69	69	45	69
	46	46	70	54	54	54
	45	53	70	53	53	53
	46	46	70	54	46	70
	45	45	69	45	69	45
	46	54	70	54	54	54
	46	69	69	53	53	53
	45	70	70	70	70	70
	46	46	69	69	69	69
	45	45	45	45	54	54
	46	53	46	53	53	53
	70	70	70	70	70	70
	69	69	69	54	54	54
	45	45	45	45	53	45
	46	46	46	46	46	46
	69	69	69	53	53	53
	70	70	70	54	54	54
	45	45	45	45	45	45
	46	69	46	69	53	53
	70	70	70	54	54	54
	46	69	46	69	53	53
	45	70	45	70	54	54
	46	69	46	69	53	53
	45	70	45	70	45	54
	46	69	46	69	46	53
	70	70	45	70	54	54
	69	69	46	69	53	53
	45	45	45	45	45	54
	46	46	46	46	46	53
	70	70	70	70	54	54
	69	69	45	69	69	53
	70	70	45	53	45	53
	46	46	46	54	46	54
	69	69	45	69	45	53
	70	70	54	70	45	54
	46	69	53	46	46	53
	45	70	45	45	45	54
	46	69	46	69	46	53
	70	70	70	70	54	54
	45	69	53	53	53	53
	46	69	46	46	46	54
	45	70	45	45	45	45
	54	69	69	69	54	54
	46	70	70	70	46	53
	45	69	45	45	45	53
	46	70	54	54	46	54
	46	69	69	69	46	53
	45	70	70	70	45	53
	46	69	54	46	46	54
	53	70	53	45	45	53
	54	69	69	69	46	54
	45	70	70	70	45	53
	46	69	46	46	46	54
	45	45	53	45	45	53
	70	70	54	70	70	54
	69	69	69	69	69	53
	46	46	54	46	46	54
	45	45	53	45	45	53
	70	70	70	70	70	54
	69	69	69	69	46	53
	54	45	54	45	45	54
	46	46	53	46	46	53
	70	70	70	70	70	54
	69	69	69	69	45	53
	45	45	54	45	45	54
	46	46	53	46	46	53
	70	70	70	70	70	54
	69	69	69	69	69	53
	45	45	54	45	45	54
	46	46	53	46	46	53
	70	70	70	54	70	54
	69	69	69	45	69	53
	46	70	46	46	46	46
	45	54	45	45	45	54
	70	53	53	53	53	53
	69	69	69	54	69	54
	70	70	70	70	70	70
	46	54	46	46	46	46
	45	53	45	45	45	45
	69	54	69	54	69	69
	70	53	53	53	53	53
	46	54	70	54	46	54
	45	54	69	69	45	45
	70	53	70	70	70	70
	46	54	69	54	46	46
	45	53	53	53	53	45
	69	54	69	69	69	69
	70	54	70	54	46	46
	45	53	70	53	45	45
	69	54	69	54	46	46
	70	70	70	53	45	45
	69	69	69	54	54	46
	70	53	53	53	53	45
	70	70	70	54	46	46
	69	69	69	54	45	45
	70	53	70	53	46	46
	69	54	69	54	54	45
	70	70	70	53	45	45
	69	46	69	53	46	46
	70	54	70	54	54	45
	69	45	69	53	53	45
	70	46	46	54	46	46
	69	45	45	53	53	45
	70	70	70	54	54	70
	69	69	69	69	69	69
	46	46	46	53	53	53
	70	45	45	54	54	54
	70	46	46	53	70	70
	45	45	45	45	69	69
	54	46	46	54	54	54
	53	53	70	53	53	53
	69	69	69	69	69	69
	70	70	70	70	70	70
	46	46	46	46	54	54
	45	45	45	45	45	53
	69	69	69	54	54	54
	53	53	46	53	53	53
	70	70	70	70	70	70
	45	45	45	45	45	54
	46	46	46	46	46	54
	69	69	69	69	69	69
	53	53	45	53	53	53
	54	70	46	54	54	54
	45	70	45	45	45	70
	46	69	46	69	46	69
	53	70	53	53	53	53
	54	70	45	54	45	54
	46	69	46	46	46	69
	45	70	70	70	70	70
	45	69	45	69	45	53
	54	46	54	54	54	54
	53	69	69	69	46	53
	45	70	70	70	45	70
	46	46	46	46	46	53
	54	69	69	69	45	54
	53	70	53	53	45	53
	54	70	45	45	45	54
	46	69	69	69	46	69
	53	70	70	70	46	53
	54	45	45	45	45	54
	46	69	46	46	46	53
	54	70	70	70	45	54
	53	69	69	69	53	53
	54	70	45	45	45	54
	46	46	46	46	46	53
	54	69	69	69	45	54
	53	70	70	70	70	53
	45	45	45	45	45	54
	46	69	69	69	46	53
	54	70	70	70	46	54
	53	69	69	69	46	53
	54	45	70	45	45	54
	53	46	70	46	46	53
	54	69	69	45	45	54
	53	70	70	46	46	53
	54	69	69	45	45	54
	53	70	70	46	46	53
	45	69	69	45	45	54
	53	70	70	46	46	53
	54	69	69	54	45	54
	46	70	70	46	46	53
	45	69	69	45	45	54
	53	70	70	53	46	53
	54	69	69	54	45	54
	46	70	70	46	46	53
	45	69	69	45	45	53
	54	70	70	54	46	54
	53	69	69	53	45	53
	46	70	70	54	46	54
	45	69	69	53	45	53
	46	54	70	70	46	54
	45	53	69	69	45	53
	46	54	70	54	46	54
	45	53	69	53	45	53
	70	54	70	70	46	70
	69	54	69	69	45	69
	46	53	70	53	46	53
	45	54	70	54	45	54
	46	69	69	53	46	69
	45	70	70	54	45	70
	46	53	69	53	46	53
	45	70	70	54	45	70
	46	69	69	54	46	69
	45	53	70	53	45	70
	46	54	69	54	46	69
	45	53	70	53	45	70
	54	69	54	54	46	54
	53	69	53	53	45	53
	46	46	46	46	70	46
	45	45	69	45	69	45
	54	70	70	70	70	70
	53	46	69	53	69	69
	54	45	54	54	70	54
	53	46	69	46	69	46
	45	45	70	45	70	45
	53	46	69	53	69	53
	54	46	70	54	70	54
	53	45	69	45	69	45
	54	46	70	46	70	46
	53	45	69	53	69	45
	54	46	70	54	70	46
	53	45	69	53	69	45
	54	46	70	54	70	46
	69	45	69	53	69	45
	70	46	70	54	70	46
	45	45	53	53	53	45
	69	46	54	54	54	69
	70	46	70	46	70	70
	69	45	53	53	53	69
	45	45	54	54	54	45
	46	46	46	46	69	46
	70	53	53	53	70	70
	69	54	69	69	69	69
	45	45	45	45	45	45
	70	54	54	54	54	70
	46	46	53	46	53	46
	70	70	70	70	70	70
	69	69	69	69	69	69
	45	53	53	53	53	45
	46	54	54	54	54	46
	45	45	45	45	45	70
	69	46	46	46	46	69
	70	53	53	70	53	70
	69	54	54	69	54	69
	70	45	45	45	45	70
	69	46	46	46	46	46
	70	53	53	70	53	53
	69	54	54	69	54	54
	70	45	45	70	45	45
	69	46	46	69	46	46
	53	53	53	70	53	53
	54	54	54	69	54	45
	70	70	70	70	70	45
	69	46	46	69	69	46
	53	53	53	69	45	45
	54	54	54	70	54	54
	69	46	46	69	46	46
	53	45	45	70	45	45
	53	53	53	70	70	53
	69	54	54	69	69	54
	70	46	46	46	46	46
	53	45	45	45	45	45
	70	70	70	70	70	54
	69	69	69	69	69	53
	54	54	54	46	54	54
	53	53	53	45	53	53
	70	70	46	46	46	46
	69	69	45	45	45	45
	54	54	54	70	70	54
	53	53	53	53	69	46
	69	69	45	45	45	45
	70	70	70	46	70	46
	54	54	54	54	54	54
	53	69	69	46	69	46
	53	53	53	45	45	45
	70	70	70	46	70	70
	54	69	69	46	69	69
	53	53	53	45	45	45
	54	54	54	46	46	46
	53	70	70	45	70	70
	54	69	69	46	69	69
	53	53	53	45	45	45
	54	54	54	46	46	46
	53	70	70	45	70	70
	54	69	69	46	69	69
	53	53	53	45	45	45
	54	70	54	46	46	46
	53	69	53	45	45	69
	54	70	54	54	46	70
	53	69	53	45	45	69
	54	70	46	46	46	46
	53	70	53	53	45	70
	54	69	54	54	45	69
	53	70	45	45	45	70
	54	69	54	46	46	46
	53	69	53	53	45	69
	54	70	54	46	46	70
	53	45	53	45	45	45
	69	69	54	46	69	69
	70	70	54	70	70	70
	53	46	53	46	46	46
	54	45	54	45	45	45
	69	69	69	53	69	69
	54	46	54	54	70	70
	53	53	53	53	45	53
	70	46	70	46	70	46
	54	45	69	45	69	45
	54	46	54	54	70	70
	69	45	69	53	69	69
	53	46	53	46	70	46
	54	45	54	45	70	45
	53	46	53	53	69	69
	70	45	70	54	70	70
	69	46	54	46	69	69
	53	45	53	45	70	45
	54	46	54	54	54	54
	69	46	69	53	69	69
	70	45	70	45	70	70
	53	46	46	53	53	53
	54	45	45	54	54	54
	69	46	69	46	69	69
	70	70	70	45	70	70
	53	46	46	53	53	46
	54	45	45	54	54	45
	69	69	69	53	69	69
	70	46	70	46	70	70
	53	45	45	45	53	45
	54	46	46	54	54	54
	69	69	69	53	69	69
	70	70	70	45	70	70
	53	46	46	53	53	53
	54	45	45	54	54	54
	46	46	46	46	69	69
	70	45	45	45	70	70
	53	53	69	53	53	69
	54	54	54	54	54	70
	69	46	46	53	69	69
	70	45	45	45	70	45
	69	46	46	54	69	46
	70	53	70	53	53	45
	69	54	54	54	54	45
	70	46	46	53	70	46
	69	45	45	53	69	45
	70	70	70	54	70	46
	69	69	69	53	69	45
	46	54	46	54	54	46
	45	53	53	53	53	45
	70	70	70	54	70	70
	69	69	69	54	69	46
	45	45	45	45	45	45
	46	46	46	46	46	46
	70	53	53	53	53	53
	69	54	54	54	54	54
	70	70	70	45	70	70
	69	69	69	69	69	69
	45	53	45	45	53	45
	46	46	46	46	46	46
	70	54	54	70	54	54
	69	53	53	45	53	53
	70	70	70	70	70	45
	69	69	69	69	69	69
	46	54	46	46	54	46
	45	53	45	45	53	45
	54	54	54	70	54	54
	53	53	53	70	53	53
	46	69	46	46	69	46
	45	70	45	45	70	45
	54	69	54	69	54	69
	46	70	46	46	70	70
	53	53	53	45	53	53
	45	69	45	45	69	69
	54	54	54	46	54	54
	46	70	70	70	70	70
	45	69	45	69	69	69
	53	53	53	53	53	53
	46	54	46	46	70	46
	45	69	45	45	54	45
	54	70	54	70	70	70
	46	69	53	69	53	69
	46	54	54	46	54	54
	45	70	45	45	53	45
	53	69	53	69	53	53
	46	70	46	70	70	70
	54	54	54	54	69	54
	45	53	53	45	69	53
	46	46	46	46	70	46
	69	69	45	69	69	69
	70	70	53	70	70	70
	45	54	54	45	45	54
	53	53	53	53	69	53
	46	46	46	46	46	46
	45	45	45	45	45	45
	70	54	54	70	70	70
	69	69	53	69	69	69
	54	54	54	54	46	54
	53	53	53	53	70	53
	46	46	46	46	46	46
	45	45	45	45	69	45
	70	54	70	70	70	70
	69	46	69	69	69	69
	53	45	53	53	70	53
	54	54	54	54	46	54
	70	45	70	45	70	70
	69	46	69	69	69	69
	53	46	53	46	46	53
	45	45	54	45	45	54
	70	70	70	70	70	70
	69	46	69	69	69	69
	53	46	53	53	53	53
	54	45	54	54	54	54
	70	46	70	70	46	70
	45	45	69	45	45	53
	69	46	69	54	69	69
	53	46	70	53	53	53
	54	45	70	54	54	54
	46	46	70	46	46	70
	69	45	69	69	69	69
	70	45	70	53	53	53
	54	45	70	54	54	54
	69	46	46	46	46	69
	70	45	70	45	45	53
	69	69	69	53	53	53
	70	46	70	54	46	54
	70	45	45	45	45	54
	69	69	69	53	69	53
	70	46	46	54	46	54
	70	70	45	53	70	53
	69	69	46	54	69	54
	70	45	45	53	45	53
	70	46	46	54	46	54
	69	69	53	53	69	53
	70	45	45	54	45	54
	70	46	46	53	46	46
	69	69	54	54	69	54
	70	70	53	53	70	45
	69	45	45	54	45	45
	70	46	46	53	46	46
	69	69	54	54	69	69
	70	53	53	53	53	45
	70	70	54	54	70	46
	69	45	45	45	45	45
	69	46	46	46	46	46
	70	54	54	54	54	45
	69	53	53	53	53	53
	70	70	54	70	70	45
	69	69	46	69	69	46
	45	45	53	45	45	45
	54	54	54	46	54	46
	70	70	53	70	70	46
	69	69	53	69	69	69
	53	53	53	46	53	46
	54	54	54	45	45	45
	70	70	70	70	70	46
	69	69	69	69	69	69
	46	53	53	46	46	46
	45	54	54	45	45	45
	70	70	53	70	70	70
	69	54	54	69	69	46
	53	53	53	45	45	45
	46	46	54	46	46	46
	70	70	54	70	70	70
	69	69	53	69	45	45
	54	54	54	46	46	54
	53	53	53	45	45	45
	69	69	69	69	46	69
	70	70	70	70	46	70
	54	54	54	45	45	54
	53	53	53	53	46	53
	69	69	69	69	45	45
	46	46	70	46	46	46
	54	54	54	70	45	54
	53	53	53	70	45	45
	69	69	69	69	46	69
	70	70	70	70	45	70
	54	54	54	46	46	46
	53	53	53	45	45	45
	69	54	69	69	46	46
	70	53	70	70	45	45
	54	54	54	54	46	54
	53	53	69	69	45	53
	46	46	70	46	70	46
	45	45	45	45	69	45
	53	53	70	70	70	53
	54	54	69	69	69	54
	46	46	46	46	70	46
	53	53	69	45	69	53
	54	54	70	70	70	54
	45	45	45	45	69	45
	53	53	69	46	69	53
	54	54	70	54	70	54
	46	46	46	46	69	46
	45	53	70	53	70	45
	54	69	69	69	69	69
	45	53	45	53	70	45
	54	54	46	54	70	54
	46	53	46	53	70	46
	45	69	69	69	69	45
	53	70	70	70	70	53
	54	54	46	54	54	54
	45	69	45	45	45	45
	46	53	46	53	46	53
	54	69	69	69	69	54
	46	70	70	70	70	53
	45	53	45	45	45	53
	46	54	46	54	69	54
	46	70	70	70	70	53
	45	69	69	69	69	53
	46	54	46	54	54	54
	45	53	45	53	53	53
	46	70	70	70	70	70
	45	69	69	69	69	69
	46	54	46	54	46	54
	45	70	45	53	45	53
	70	70	70	54	70	54
	46	69	46	53	46	53
	45	69	45	54	45	54
	53	69	69	53	69	69
	46	70	46	54	46	70
	45	70	45	53	45	45
	54	69	46	54	54	54
	53	70	70	53	53	70
	69	69	46	69	69	69
	45	70	45	54	45	45
	53	70	46	53	46	46
	69	69	54	54	54	69
	70	70	45	53	70	70
	69	69	46	53	46	46
	70	70	45	54	45	45
	69	69	53	53	53	69
	70	70	54	54	54	46
	69	69	45	45	45	45
	70	70	46	46	46	46
	69	69	53	53	53	69
	70	54	54	54	54	45
	70	70	46	53	46	46
	69	69	45	45	45	45
	70	70	53	53	53	70
	69	69	54	54	54	46
	46	70	46	46	46	46
	45	69	45	53	45	45
	70	70	54	54	70	70
	69	69	53	53	53	69
	46	54	54	54	46	46
	45	69	45	45	45	45
	70	70	53	53	70	70
	69	69	46	69	46	69
	45	54	54	54	45	54
	46	53	53	53	46	53
	70	70	45	70	45	70
	69	69	46	69	46	69
	54	54	54	54	45	54
	53	53	53	46	46	53
	70	70	45	70	45	70
	69	69	46	69	46	69
	45	54	45	45	45	45
	53	53	53	46	46	53
	70	70	54	70	46	70
	69	69	54	69	45	69
	54	54	54	46	46	54
	53	53	53	45	45	53
	70	70	70	70	46	70
	69	69	69	69	45	69
	46	54	54	46	46	46
	45	53	53	45	45	45
	70	70	54	70	46	70
	69	53	53	69	69	69
	46	54	54	46	46	54
	45	53	45	45	45	45
	70	70	70	70	70	70
	46	53	69	69	46	53
	54	54	54	69	69	54
	45	53	53	45	45	53
	46	70	70	46	46	46
	69	69	69	69	69	69
	45	54	54	45	70	54
	53	53	70	46	70	53
	46	54	70	46	70	54
	45	53	69	45	69	45
	46	54	70	46	70	54
	53	53	69	69	69	53
	45	54	70	45	70	54
	46	53	69	46	69	53
	45	54	70	45	70	54
	46	53	69	46	69	53
	45	54	70	70	70	54
	46	53	69	46	69	53
	45	54	70	45	70	54
	46	53	69	69	69	53
	45	54	70	45	70	54
	46	46	46	46	53	53
	45	45	69	69	69	54
	45	53	70	70	70	70
	46	54	69	54	54	54
	45	53	69	53	53	53
	46	46	46	46	46	46
	45	45	70	70	70	70
	54	69	69	69	69	69
	45	45	45	53	53	53
	54	54	70	54	54	54
	46	46	69	69	69	53
	45	45	70	70	70	70
	46	46	46	53	53	53
	45	45	69	54	54	54
	46	46	69	69	69	53
	45	45	70	70	70	70
	46	46	46	54	54	54
	53	45	69	53	53	53
	45	45	70	70	70	54
	46	69	69	69	69	54
	45	45	45	53	45	53
	46	46	46	70	46	54
	54	69	69	69	69	54
	53	70	70	70	70	53
	45	45	45	54	45	54
	46	46	46	53	46	53
	69	69	69	69	69	54
	70	70	70	70	70	53
	45	45	45	54	45	54
	46	46	46	53	46	53
	69	69	54	54	54	54
	70	45	53	53	53	53
	69	46	46	69	69	69
	70	45	45	70	70	70
	46	46	54	54	54	54
	45	45	45	53	45	53
	69	69	46	69	69	69
	70	70	53	70	70	70
	46	46	46	54	46	46
	45	45	53	53	53	45
	69	69	54	54	54	69
	70	45	45	70	45	70
	46	46	46	69	46	46
	69	45	53	53	53	69
	70	45	54	54	54	70
	69	46	53	69	53	69
	70	45	45	70	45	70
	69	46	54	69	54	46
	70	45	53	70	53	70
	69	46	54	46	46	46
	69	45	45	45	45	45
	70	46	53	53	53	70
	69	54	54	54	54	69
	70	46	53	46	46	70
	69	45	54	69	45	69
	53	46	53	53	46	70
	54	45	54	45	45	70
	69	46	53	69	46	69
	70	45	54	70	45	70
	53	46	53	46	46	53
	54	45	54	45	45	69
	70	46	70	70	46	70
	69	69	69	45	69	69
	54	46	54	46	54	54
	53	45	53	45	53	53
	70	70	70	46	70	70
	69	69	69	45	45	69
	54	46	54	46	46	54
	53	45	53	45	45	53
	70	70	70	70	70	70
	69	69	69	69	69	69
	54	46	46	46	46	54
	53	45	70	45	45	53
	54	70	70	70	46	54
	53	69	69	69	45	53
	46	46	70	46	46	54
	45	45	69	45	45	53
	54	70	70	70	70	54
	53	69	69	69	69	53
	54	46	70	46	46	54
	45	45	70	45	45	53
	53	69	69	69	46	53
	54	70	70	70	46	54
	45	45	69	69	45	53
	54	46	70	70	46	54
	53	69	69	69	45	53
	54	70	70	70	46	54
	53	45	69	69	45	53
	46	70	70	70	46	54
	53	69	69	69	45	53
	54	70	46	70	46	54
	45	45	45	69	45	45
	53	70	46	70	46	53
	54	69	69	69	69	54
	53	70	46	70	46	53
	45	70	45	70	45	45
	54	69	46	69	46	54
	53	70	70	70	70	53
	54	69	46	69	46	54
	45	69	45	69	45	45
	53	70	46	70	46	53
	54	69	54	69	54	54
	53	70	46	70	46	53
	45	69	45	45	45	45
	54	70	46	46	46	54
	53	69	69	69	69	53
	54	70	70	70	70	54
	53	46	46	46	46	53
	45	45	45	45	45	45
	54	69	69	69	69	54
	53	70	70	70	70	53
	54	46	46	46	46	46
	53	69	45	69	69	53
	54	70	54	70	70	54
	45	45	45	45	45	45
	53	69	53	69	69	53
	46	46	46	46	70	46
	54	70	70	54	70	54
	53	69	69	53	69	45
	24	8	9	0	10	0
	25	11	11	1	11	1
	26	12	12	2	12	2
	27	13	13	3	13	3
	28	14	14	4	14	4
	29	15	5	5	29	5
	30	30	6	6	30	6
	31	72	7	72	10	16
	17	73	73	74	24	17
	18	75	75	18	25	18
	19	76	76	19	26	19
	20	77	77	20	27	20
	78	78	78	21	70	21
	79	45	22	22	22	22
	23	46	23	54	28	2
	69	69	53	53	69	3
	4	11	11	4	11	11
	16	12	12	16	12	12
	29	10	10	29	10	74
	5	13	13	5	13	13
	0	8	8	0	9	1
	24	24	14	25	14	14
	26	26	26	26	26	26
	27	27	6	27	27	72
	30	30	30	30	30	73
	17	70	17	17	70	75
	76	2	45	28	76	76
	18	54	46	18	77	77
	21	3	21	21	3	3
	19	19	19	19	78	19
	20	53	20	20	74	20
	4	4	22	22	4	4
	69	69	16	16	1	16
	5	5	25	29	29	29
	6	6	11	6	11	11
	2	72	72	10	10	10
	54	73	73	12	12	12
	45	75	75	28	75	75
	13	78	13	13	13	13
	46	70	46	14	14	14
	15	7	31	79	79	23
	9	0	9	24	0	8
	53	74	74	27	74	74
	26	77	77	26	77	17
	1	18	76	18	76	76
	30	21	30	30	3	30
	25	22	25	22	2	22
	69	69	45	69	69	69
	54	19	19	28	5	54
	29	20	78	78	4	78
	16	16	72	72	16	73
	70	6	23	11	6	11
	10	10	10	10	10	10
	24	12	46	12	12	12
	53	53	75	27	17	27
	14	1	21	14	14	14
	26	13	26	13	3	13
	28	2	45	2	2	2
	18	18	18	77	18	77
	20	74	74	29	5	74
	8	8	0	9	0	9
	25	76	76	4	4	76
	54	73	73	70	19	70
	22	22	22	30	22	30
	24	24	72	11	17	72
	16	46	46	6	6	78
	21	75	75	1	1	75
	69	69	69	69	69	69
	27	3	3	3	3	53
	28	28	45	12	20	12
	26	26	26	10	5	10
	29	29	29	13	13	13
	25	14	77	14	19	14
	17	2	2	54	2	54
	18	18	74	11	4	11
	16	16	78	78	21	70
	30	30	76	76	76	53
	27	27	46	6	6	6
	20	20	45	5	20	20
	22	22	75	75	22	22
	15	31	7	79	23	23
	0	8	0	8	9	9
	24	73	73	72	72	1
	17	17	77	12	17	12
	19	19	10	10	19	10
	28	28	3	3	69	69
	25	25	4	4	4	4
	21	70	74	13	13	70
	26	26	46	54	14	54
	29	29	2	11	11	53
	18	18	78	5	18	5
	16	16	45	1	45	45
	30	30	76	6	6	6
	27	27	75	75	23	27
	24	20	77	77	20	77
	22	22	12	12	22	22
	21	69	74	74	69	69
	3	28	3	3	14	3
	17	17	46	10	10	53
	19	70	2	2	13	2
	26	26	78	54	11	26
	23	29	4	4	4	4
	5	76	76	5	76	5
	18	30	45	45	18	30
	20	27	75	6	14	6
	21	28	21	12	21	28
	19	46	77	53	13	53
	70	70	70	11	70	70
	22	69	74	54	22	54
	29	29	78	10	10	29
	3	27	3	2	14	2
	20	26	26	26	20	4
	18	45	12	12	13	30
	19	46	75	75	46	5
	6	69	6	6	11	6
	76	28	76	76	53	76
	77	77	77	77	14	77
	21	74	74	74	54	74
	22	78	78	27	13	27
	18	2	30	30	45	30
	5	70	29	5	70	5
	69	69	53	53	69	53
	46	54	14	46	46	46
	21	6	21	13	13	21
	22	78	22	45	45	45
	54	54	29	29	54	29
	70	77	14	14	14	6
	5	78	30	30	5	30
	69	69	53	53	69	53
	77	77	13	13	13	6
	70	70	21	46	70	46
	22	78	22	45	45	45
	54	54	29	29	54	29
	5	5	5	5	5	5
	6	78	21	14	14	6
	77	77	30	30	30	30
	69	46	46	53	69	46
	22	13	13	13	13	13
	70	78	21	29	70	70
	45	45	45	6	45	45
	53	53	53	14	53	14
	54	54	54	54	54	22
	69	77	21	29	69	29
	78	78	78	6	6	6
	5	46	46	5	5	5
	30	77	30	30	30	30
	70	70	22	70	70	70
	69	14	21	21	14	14
	29	13	13	29	13	13
	53	45	45	77	53	45
	54	22	46	78	54	22
	6	6	21	69	6	6
	5	77	46	77	5	5
	29	78	29	29	69	14
	30	21	30	30	30	70
	53	22	53	13	53	13
	54	45	45	69	54	45
	46	78	46	78	70	14
	77	77	77	77	6	6
	5	21	21	69	5	5
	29	22	29	29	29	14
	70	70	13	13	70	70
	54	46	46	30	54	69
	53	45	45	53	53	53
	78	78	78	78	6	6
	14	22	14	14	14	14
	30	21	77	77	30	5
	13	69	69	69	69	69
	54	46	46	54	54	54
	29	22	45	29	29	70
	21	21	5	13	5	5
	53	6	6	53	6	53
	30	78	78	78	30	70
	22	77	45	77	14	14
	13	46	46	13	13	13
	21	70	70	70	54	54
	69	69	69	69	29	69
	22	22	5	45	5	53
	30	30	6	30	30	14
	21	77	77	77	29	54
	53	78	78	78	46	53
	70	45	45	14	45	14
	21	6	6	13	13	13
	22	22	5	29	29	54
	69	46	46	46	46	46
	70	70	70	70	30	53
	21	21	5	14	14	54
	69	77	6	77	13	53
	22	45	45	78	45	29
	30	30	5	30	30	30
	69	69	6	54	13	54
	21	46	46	14	14	53
	22	29	22	78	29	29
	70	70	5	77	70	70
	21	6	6	13	13	53
	45	45	45	54	45	45
	69	69	69	78	69	69
	22	5	5	77	14	46
	21	30	21	53	30	53
	29	29	29	54	29	29
	6	70	6	78	13	46
	22	77	22	14	14	22
	5	5	5	54	13	5
	21	70	30	77	30	30
	46	46	6	53	46	46
	45	69	69	78	45	45
	21	70	13	13	13	54
	22	53	22	14	14	53
	6	54	6	77	77	29
	21	70	5	78	78	30
	69	69	29	69	69	69
	45	54	45	13	45	45
	46	70	46	14	46	46
	22	53	5	53	5	53
	21	54	30	21	6	30
	77	70	29	77	77	29
	78	54	6	78	78	78
	13	69	13	13	13	13
	22	70	22	14	14	22
	45	45	5	5	5	5
	21	46	30	21	46	30
	53	53	6	53	53	53
	54	54	29	54	54	29
	69	69	77	77	77	69
	70	70	70	14	70	70
	78	45	45	78	78	22
	6	46	6	13	6	6
	30	30	30	21	21	21
	5	46	29	14	5	29
	22	69	22	22	77	22
	13	54	54	13	54	13
	53	53	53	53	53	53
	45	45	45	14	45	45
	70	46	46	21	78	70
	30	69	30	30	77	30
	29	29	29	29	5	29
	6	78	6	14	6	6
	13	69	54	13	77	21
	22	46	46	22	5	22
	70	70	70	70	78	70
	14	77	45	14	77	21
	54	69	54	54	54	69
	53	53	53	53	53	5
	30	30	30	13	78	30
	29	29	46	21	6	21
	45	45	45	22	5	22
	14	77	14	14	77	14
	13	78	46	13	69	69
	70	70	70	70	6	70
	54	29	54	21	5	5
	53	78	53	22	53	22
	30	77	46	30	30	69
	13	45	45	45	6	21
	29	29	29	29	29	14
	54	78	78	46	5	78
	13	77	77	69	6	69
	14	22	53	22	22	22
	70	21	54	21	21	21
	30	46	46	30	5	13
	14	45	45	45	6	70
	53	78	53	69	53	69
	54	77	54	29	5	13
	14	46	70	70	6	70
	30	78	78	30	30	22
	13	77	77	29	13	21
	14	45	69	69	5	69
	54	46	46	46	6	46
	29	22	53	22	53	22
	14	45	54	21	5	21
	13	78	70	13	6	70
	30	77	77	30	30	77
	29	29	45	29	29	69
	5	14	54	14	5	21
	6	78	53	53	53	22
	70	46	46	13	13	46
	69	45	69	69	54	69
	6	21	70	78	21	21
	30	22	5	77	22	22
	14	14	45	14	14	29
	6	13	54	54	54	30
	70	78	53	78	53	78
	5	77	5	77	5	46
	29	29	45	13	29	29
	6	21	69	69	6	21
	30	30	70	70	30	30
	46	22	22	46	46	46
	45	14	53	14	14	45
	5	13	54	13	54	77
	6	78	78	78	6	78
	69	21	69	69	53	29
	70	70	70	77	70	77
	5	22	22	45	45	45
	6	13	30	54	30	30
	21	21	21	53	53	46
	5	14	29	14	29	29
	69	13	22	54	13	46
	6	70	6	77	77	77
	5	78	78	78	78	45
	69	14	22	53	30	30
	70	21	21	54	46	46
	5	13	29	13	13	45
	6	22	22	53	14	69
	70	70	70	54	70	45
	77	14	29	77	77	29
	5	21	30	53	30	30
	69	69	69	69	78	46
	6	22	6	54	45	45
	5	13	21	13	13	46
	78	14	29	14	14	29
	53	22	22	53	77	70
	54	21	21	54	78	30
	5	46	5	46	46	46
	6	45	6	45	6	45
	70	70	70	77	77	70
	69	69	69	22	69	69
	78	13	29	13	78	29
	53	14	30	53	14	30
	21	21	21	21	5	21
	54	54	54	54	54	22
	77	77	45	77	77	45
	6	46	46	13	6	46
	78	78	29	14	78	29
	5	70	5	22	5	30
	53	69	53	53	53	69
	70	13	45	13	6	45
	30	14	30	14	54	30
	21	46	21	21	77	21
	22	22	22	22	22	22
	29	69	29	29	6	29
	78	70	78	54	78	70
	77	13	45	13	5	45
	46	46	46	14	53	46
	6	69	30	69	6	69
	5	77	54	54	5	21
	70	14	53	14	53	70
	78	45	45	13	22	22
	30	30	30	30	30	21
	77	77	29	29	29	77
	6	6	54	13	6	69
	78	78	46	14	5	46
	70	70	53	21	53	21
	45	45	45	22	22	22
	69	13	69	69	54	69
	5	14	14	5	5	14
	77	77	46	29	29	46
	78	78	54	30	6	21
	70	13	53	70	53	70
	30	45	45	22	6	22
	54	14	54	21	54	21
	77	46	46	29	5	13
	69	78	69	69	53	69
	30	30	45	30	6	14
	77	77	13	70	5	22
	29	29	53	29	29	21
	78	78	46	78	6	14
	54	45	54	22	54	22
	70	13	13	70	5	13
	77	46	53	21	53	21
	69	30	69	69	6	69
	14	14	14	14	14	14
	77	45	45	45	45	22
	78	5	46	5	5	5
	29	29	54	29	29	70
	30	30	53	30	30	13
	77	6	6	6	6	21
	78	46	46	22	22	22
	70	13	54	70	54	70
	69	77	53	69	53	69
	45	45	14	21	21	21
	78	78	13	78	5	13
	29	6	46	29	6	6
	30	77	54	30	54	14
	45	5	53	70	53	22
	46	46	69	69	46	69
	77	77	14	77	14	14
	5	5	13	29	13	13
	45	78	70	70	45	21
	6	54	22	30	30	22
	78	53	53	53	53	53
	46	46	21	29	29	21
	6	54	69	69	69	54
	5	5	14	77	45	14
	70	78	70	70	70	13
	6	6	30	30	30	30
	46	22	22	29	46	22
	45	77	21	77	45	13
	5	54	54	78	54	54
	69	53	53	69	53	14
	6	6	29	29	29	29
	5	13	21	78	13	13
	70	70	70	70	46	14
	45	77	22	77	45	22
	5	21	30	30	30	30
	69	69	69	69	69	14
	6	53	46	78	46	6
	54	54	54	54	54	54
	5	13	21	29	45	21
	14	14	22	77	14	14
	53	53	70	78	53	53
	6	13	46	29	46	13
	5	45	22	30	45	5
	70	70	21	70	70	70
	69	77	69	77	69	69
	6	78	29	78	78	6
	54	13	22	30	30	30
	5	14	21	14	46	14
	45	45	45	53	45	53
	29	13	29	29	29	29
	54	54	22	77	46	54
	6	21	21	70	6	6
	5	13	69	69	5	69
	30	14	22	78	78	30
	53	53	46	53	46	53
	70	13	77	77	77	70
	45	45	45	21	45	14
	5	54	22	22	5	54
	6	29	29	29	29	29
	30	13	78	69	78	30
	14	14	46	21	46	14
	70	13	77	70	70	70
	6	53	22	53	6	53
	5	54	45	54	5	54
	69	30	21	69	69	69
	78	13	78	22	78	78
	46	46	77	46	77	77
	29	14	45	21	21	21
	30	30	30	22	6	70
	5	13	53	13	5	13
	54	54	45	54	54	54
	29	14	29	22	6	69
	70	53	70	70	77	70
	78	46	46	46	78	78
	45	45	45	21	21	21
	14	14	69	22	5	69
	30	30	53	6	6	77
	13	13	13	13	13	13
	29	29	29	22	29	22
	5	5	54	5	5	77
	53	46	53	53	53	70
	14	14	45	21	78	69
	30	30	6	6	6	77
	54	54	54	46	54	70
	69	45	45	22	78	78
	29	29	77	21	77	77
	13	13	46	13	13	70
	14	14	5	22	5	69
	30	30	53	30	53	21
	70	6	6	6	6	78
	29	45	45	45	54	45
	69	46	46	46	69	22
	77	14	5	21	21	21
	70	70	70	78	53	78
	29	13	54	29	54	77
	30	30	5	22	5	22
	14	14	69	14	14	69
	13	13	53	6	53	6
	77	46	46	46	54	46
	78	45	45	45	78	45
	29	29	70	21	70	21
	30	30	5	30	5	77
	22	69	69	22	22	22
	13	13	54	6	54	6
	14	14	53	78	53	78
	77	70	70	29	70	77
	46	46	5	21	5	21
	45	45	69	45	6	45
	13	30	54	30	54	30
	14	29	53	29	53	22
	78	78	69	78	6	78
	77	77	70	77	5	77
	46	13	21	46	13	13
	14	14	22	22	14	14
	6	69	69	54	54	54
	45	29	70	29	53	21
	5	30	30	30	5	30
	46	6	6	46	6	46
	45	22	70	78	53	78
	21	21	21	77	21	21
	5	69	69	69	13	13
	22	29	29	29	14	14
	45	70	54	45	54	45
	77	77	53	77	53	77
	6	6	30	78	6	78
	5	5	22	46	5	46
	70	70	70	70	70	13
	69	69	69	30	14	14
	22	22	54	54	54	54
	21	21	29	29	53	29
	45	45	45	45	13	13
	6	6	46	78	6	78
	5	5	30	30	30	77
	53	22	53	53	53	14
	46	21	69	69	69	46
	70	70	70	70	70	13
	54	22	29	29	54	77
	5	21	14	78	14	14
	6	45	45	45	30	45
	13	13	46	77	13	13
	5	22	22	78	69	78
	6	21	21	29	53	21
