	53	53	53	53	53	53
	54	54	54	54	54	54
	55	48	48	49	49	49
	55	50	50	50	50	50
	51	51	51	51	51	51
	52	52	52	52	52	52
	53	53	53	53	53	53
	49	49	54	54	54
	48	48	50	50
	54	54	54	54	54	54
	52	52	52	52	52	52
	51	51	51	51	51	51
	49	49	49	49	49	53
	48	48	48	48	50	50
	53	53	53	53	53	53
	54	54	54	54	54	54
	52	52	52	52	52	52
	50	50	50	50	50	50
	51	51	51	51	51
	53	53	53	53	53	53
	52	52	52	52	52	52
	50	50	50	50	50	50
	54	54	54	54	54	54
	49	49	48	48	51	51
	52	52	52	52	52	52
	53	53	53	53	53	53
	51	51	51	51	51	51
	50	50	50	50	50	50
	54	54	54	54	54	54
	52	52	52	52	52
	51	51	51	51	51	51
	50	50	50	50	50	50
	53	53	53	53	53	53
	51	51	51	51	51	51
	54	54	54	54	54	54
	52	52	52	52	52	52
	50	50	50	50	50	50
	53	53	53	53	53	53
	51	51	51	51	51	51
	52	52	52	52	52	52
	55	49	49	48	48	54
	54	54	54	54	54	54
	53	53	53	53	53	53
	50	50	50	50	50	50
	54	54	54	54	54	54
	51	51	51	51	51	51
	52	52	52	52	52	52
	53	53	53	53	53	53
	50	50	50	50	50	50
	54	54	54	54	54	54
	51	51	51	51	51	51
	52	52	52	52	52	52
	53	53	53	53	53	53
	50	50	50	50	50	50
	54	54	54	54	54	54
	51	51	51	51	51	51
	52	52	52	52	52	52
	53	53	53	53	53	53
	50	50	50	50	50	50
	51	51	51	51	51	51
	49	49	48	48	48	54
	52	52	52	52	52	52
	50	50	50	50	50
	54	54	54	54	54	54
	53	53	53	53	53	53
	51	51	51	51	51	51
	52	52	52	52	52	52
	50	50	50	50	50	50
	54	54	54	54	54	54
	53	53	53	53	53	53
	51	51	51	51	51	51
	52	52	52	52	52	52
	50	50	50	50	50	50
	54	54	54	54	54	54
	51	51	51	51	51	51
	52	52	52	52	52	52
	53	53	53	53	53	53
	50	50	50	50	50	50
	51	51	51	51	51	51
	54	54	54	54	54	54
	55	48	48	49	49	49
	55	53	53	53	53	53
	49	49	54	54	54
	53	53	53	53	53	53
	48	48	52	52	52	52
	50	50	50	50	50	50
	51	51	51	51	51	51
	54	54	54	54	54	54
	52	52	52	52	52	52
	48	48	53	53	53	53
	50	50	50	50	50	50
	51	51	51	51	51	48
	54	54	54	54	54	54
	53	53	53	53	53	53
	52	52	52	52	52	48
	50	50	50	54	54	54
	53	53	53	53	53	53
	54	54	54	54	54	54
	53	53	53	53	53	53
	54	54	54	54	54	54
	53	53	53	53	53	53
	54	54	54	54	54	54
	53	53	53	53	53	53
	54	54	54	54	54	54
	53	53	53	53	53	53
	54	54	54	54	54	54
	53	53	53	53	53	53
	54	54	54	54	54	54
	53	53	53	53	53	53
	54	54	54	54	54	54
	53	53	53	53	53	53
	54	54	54	54	54	54
	53	53	53	53	53	53
	54	54	54	54	54	54
	53	53	53	53	53	53
	54	54	54	54	54	54
	53	53	53	53	53	53
	54	54	54	54	54	54
	53	53	53	53	53	53
	54	54	54	54	54	54
	53	53	53	53	53	53
	54	54	54	54	54	54
	53	53	53	53	53	53
	54	54	54	54	54	54
	53	53	53	53	53	53
	54	54	54	54	54
	53	53	53	53	53
	54	54	54	54	54	54
	53	53	53	53	53	53
	54	54	54	54	54	54
	53	53	53	53	53	53
	54	54	54	54	54	54
	53	53	53	53	53	53
	54	54	54	54	54	54
	53	53	53	53	53	53
	54	54	54	54	54	54
	53	53	53	53	53	53
	54	54	54	54	54	54
	53	53	53	53	53
	54	54	54	54	54	54
	54	54	54	54	54	54
	53	53	53	53	53	53
	54	54	54	54	54	54
	53	53	53	53	53	53
	54	54	54	54	54	54
	53	53	53	53	53	53
	54	54	54	54	54	54
	53	53	53	53	53	53
	54	54	54	54	54	54
	53	53	53	53	53	53
	54	54	54	54	54	54
	53	53	53	53	53	53
	54	54	54	54	54	54
	53	53	53	53	53	53
	54	54	54	54	54	54
	53	53	53	53	53	53
	54	54	54	54	54	54
	53	53	53	53	53	53
	54	54	54	54	54	54
	53	53	53	53	53	53
	54	54	54	54	54	54
	53	53	53	53	53	53
	54	54	54	54	54	54
	53	53	53	53	53	53
	54	54	54	54	54	54
	53	53	53	53	53	53
	54	54	54	54	54	54
	53	53	53	53	53	53
	54	54	54	54	54	54
	53	53	53	53	53	53
	54	54	54	54	54	54
	53	53	53	53	53	53
	54	54	54	54	54	54
	53	53	53	53	53	53
	54	54	54	54	54	54
	53	53	53	53	53	53
	54	54	54	54	54	54
	53	53	53	53	53	53
	54	54	54	54	54	54
	53	53	53	53	53	53
	54	54	54	54	54	54
	53	53	53	53	53	53
	54	54	54	54	54	54
	53	53	53	53	53	53
	54	54	54	54	54	54
	53	53	53	53	53	53
	54	54	54	54	54	54
	53	53	53	53	53	53
	54	54	54	54	54	54
	53	53	53	53	53	53
	54	54	54	54	54
	53	53	53	53	53
	54	54	54	54	54	54
	53	53	53	53	53	53
	54	54	54	54	54	54
	53	53	53	53	53	53
	54	54	54	54	54	54
	53	53	53	53	53	53
	54	54	54	54	54	54
	53	53	53	53	53
	54	54	54	54	54	54
	53	53	53	53	53	53
	54	54	54	54	54	54
	53	53	53	53	53	53
	54	54	54	54	54	54
	53	53	53	53	53
	54	54	54	54	54	54
	53	53	53	53	53	53
	54	54	54	54	54	54
	53	53	53	53	53	53
	54	54	54	54	54	54
	53	53	53	53	53	53
	54	54	54	54	54	54
	53	53	53	53	53	53
	54	54	54	54	54	54
	53	53	53	53	53	53
	54	54	54	54	54	54
	53	53	53	53	53	53
	54	54	54	54	54	54
	53	53	53	53	53	53
	54	54	54	54	54	54
	53	53	53	53	53	53
	54	54	54	54	54	54
	53	53	53	53	53	53
	54	54	54	54	54	54
	53	53	53	53	53	53
	54	54	54	54	54	54
	53	53	53	53	53	53
	54	54	54	54	54	54
	53	53	53	53	53
	54	54	54	54	54	54
	54	54	54	54	54	54
	53	53	53	53	53	53
	54	54	54	54	54	54
	53	53	53	53	53	53
	54	54	54	54	54	54
	53	53	53	53	53	53
	54	54	54	54	54	54
	53	53	53	53	53	53
	54	54	54	54	54	54
	53	53	53	53	53	53
	54	54	54	54	54	54
	53	53	53	53	53	53
	54	54	54	54	54	54
	53	53	53	53	53	53
	54	54	54	54	54	54
	53	53	53	53	53
	54	54	54	54	54	54
	53	53	53	53	53	53
	54	54	54	54	54	54
	53	53	53	53	53	53
	54	54	54	54	54	54
	53	53	53	53	53	53
	54	54	54	54	54	54
	53	53	53	53	53	53
	54	54	54	54	54	54
	53	53	53	53	53	53
	54	54	54	54	54
	53	53	53	53	53
	54	54	54	54	54	54
	53	53	53	53	53	53
	54	54	54	54	54	54
	53	53	53	53	53	53
	54	54	54	54	54	54
	53	53	53	53	53	53
	54	54	54	54	54	54
	53	53	53	53	53	53
	54	54	54	54	54	54
	53	53	53	53	53	53
	54	54	54	54	54	54
	53	53	53	53	53	53
	54	54	54	54	54	54
	53	53	53	53	53	53
	54	54	54	54	54	54
	53	53	53	53	53	53
	54	54	54	54	54	54
	53	53	53	53	53	53
	54	54	54	54	54	54
	53	53	53	53	53	53
	54	54	54	54	54	54
	53	53	53	53	53	53
	54	54	54	54	54	54
	53	53	53	53	53	53
	54	54	54	54	54	54
	53	53	53	53	53	53
	54	54	54	54	54	54
	53	53	53	53	53	53
	54	54	54	54	54	54
	53	53	53	53	53	53
	54	54	54	54	54	54
	53	53	53	53	53	53
	54	54	54	54	54	54
	53	53	53	53	53	53
	54	54	54	54	54	54
	53	53	53	53	53	53
	54	54	54	54	54	54
	53	53	53	53	53	53
	54	54	54	54	54	54
	53	53	53	53	53	53
	54	54	54	54	54	54
	53	53	53	53	53	53
	54	54	54	54	54	54
	53	53	53	53	53	53
	54	54	54	54	54	54
	53	53	53	53	53	53
	54	54	54	54	54	54
	53	53	53	53	53	53
	54	54	54	54	54	54
	53	53	53	53	53	53
	54	54	54	54	54	54
	53	53	53	53	53	53
	54	54	54	54	54	54
	53	53	53	53	53	53
	54	54	54	54	54	54
	53	53	53	53	53	53
	54	54	54	54	54	54
	53	53	53	53	53	53
	54	54	54	54	54	54
	53	53	53	53	53	53
	54	54	54	54	54	54
	53	53	53	53	53	53
	54	54	54	54	54	54
	53	53	53	53	53
	54	54	54	54	54	54
	54	54	54	54	54	54
	53	53	53	53	53	53
	54	54	54	54	54	54
	53	53	53	53	53	53
	54	54	54	54	54	54
	53	53	53	53	53	53
	54	54	54	54	54	54
	53	53	53	53	53	53
	54	54	54	54	54	54
	53	53	53	53	53	53
	54	54	54	54	54
	53	53	53	53	53	53
	54	54	54	54	54	54
	53	53	53	53	53	53
	54	54	54	54	54	54
	53	53	53	53	53	53
	54	54	54	54	54	54
	53	53	53	53	53	53
	54	54	54	54	54	54
	53	53	53	53	53	53
	54	54	54	54	54	54
	53	53	53	53	53	53
	54	54	54	54	54	54
	53	53	53	53	53	53
	54	54	54	54	54	54
	53	53	53	53	53
	54	54	54	54	54	54
	53	53	53	53	53
	54	54	54	54	54	54
	53	53	53	53	53	53
	54	54	54	54	54	54
	53	53	53	53	53	53
	54	54	54	54	54	54
	53	53	53	53	53	53
	54	54	54	54	54	54
	53	53	53	53	53	53
	54	54	54	54	54	54
	53	53	53	53	53
	54	54	54	54	54
	53	53	53	53	53	53
	54	54	54	54	54	54
	53	53	53	53	53	53
	54	54	54	54	54	54
	53	53	53	53	53	53
	54	54	54	54	54	54
	53	53	53	53	53	53
	54	54	54	54	54	54
	53	53	53	53	53	53
	54	54	54	54	54	54
	53	53	53	53	53	53
	54	54	54	54	54
	53	53	53	53	53
	54	54	54	54	54	54
	53	53	53	53	53	53
	54	54	54	54	54	54
	53	53	53	53	53	53
	54	54	54	54	54	54
	53	53	53	53	53	53
	54	54	54	54	54	54
	53	53	53	53	53	53
	54	54	54	54	54	54
	53	53	53	53	53	53
	54	54	54	54	54	54
	53	53	53	53	53	53
	54	54	54	54	54	54
	53	53	53	53	53	53
	54	54	54	54	54	54
	53	53	53	53	53	53
	54	54	54	54	54	54
	53	53	53	53	53	53
	54	54	54	54	54	54
	53	53	53	53	53	53
	54	54	54	54	54	54
	53	53	53	53	53	53
	54	54	54	54	54	54
	53	53	53	53	53	53
	54	54	54	54	54	54
	53	53	53	53	53	53
	54	54	54	54	54	54
	53	53	53	53	53	53
	54	54	54	54	54	54
	53	53	53	53	53	53
	54	54	54	54	54	54
	53	53	53	53	53	53
	54	54	54	54	54	54
	53	53	53	53	53	53
	54	54	54	54	54	54
	53	53	53	53	53	53
	54	54	54	54	54	54
	53	53	53	53	53	53
	54	54	54	54	54	54
	53	53	53	53	53	53
	54	54	54	54	54	54
	53	53	53	53	53	53
	54	54	54	54	54	54
	53	53	53	53	53	53
	54	54	54	54	54	54
	53	53	53	53	53	53
	54	54	54	54	54	54
	53	53	53	53	53	53
	54	54	54	54	54	54
	53	53	53	53	53	53
	54	54	54	54	54	54
	53	53	53	53	53	53
	54	54	54	54	54	54
	53	53	53	53	53	53
	54	54	54	54	54	54
	53	53	53	53	53	53
	54	54	54	54	54	54
	53	53	53	53	53	53
	54	54	54	54	54	54
	53	53	53	53	53	53
	54	54	54	54	54	54
	53	53	53	53	53	53
	54	54	54	54	54
	53	53	53	53	53	53
	54	54	54	54	54	54
	53	53	53	53	53	53
	54	54	54	54	54	54
	53	53	53	53	53	53
	54	54	54	54	54	54
	53	53	53	53	53	53
	54	54	54	54	54	54
	53	53	53	53	53	53
	54	54	54	54	54	54
	53	53	53	53	53	53
	54	54	54	54	54	54
	53	53	53	53	53	53
	54	54	54	54	54	54
	53	53	53	53	53	53
	54	54	54	54	54
	53	53	53	53	53	53
	54	54	54	54	54
	53	53	53	53	53	53
	54	54	54	54	54	54
	53	53	53	53	53	53
	54	54	54	54	54	54
	53	53	53	53	53	53
	54	54	54	54	54	54
	53	53	53	53	53	53
	54	54	54	54	54	54
	53	53	53	53	53	53
	54	54	54	54	54	54
	53	53	53	53	53	53
	54	54	54	54	54
	53	53	53	53	53	53
	53	53	53	53	53	53
	54	54	54	54	54	54
	53	53	53	53	53	53
	54	54	54	54	54	54
	53	53	53	53	53	53
	54	54	54	54	54	54
	53	53	53	53	53	53
	54	54	54	54	54	54
	53	53	53	53	53	53
	54	54	54	54	54	54
	53	53	53	53	53	53
	54	54	54	54	54	54
	53	53	53	53	53	53
	54	54	54	54	54	54
	53	53	53	53	53	53
	54	54	54	54	54	54
	53	53	53	53	53	53
	54	54	54	54	54	54
	53	53	53	53	53	53
	54	54	54	54	54	54
	53	53	53	53	53	53
	54	54	54	54	54	54
	53	53	53	53	53
	54	54	54	54	54	54
	54	54	54	54	54	54
	53	53	53	53	53	53
	54	54	54	54	54	54
	53	53	53	53	53	53
	54	54	54	54	54	54
	53	53	53	53	53	53
	54	54	54	54	54	54
	53	53	53	53	53	53
	54	54	54	54	54	54
	53	53	53	53	53	53
	54	54	54	54	54	54
	53	53	53	53	53	53
	54	54	54	54	54	54
	53	53	53	53	53	53
	54	54	54	54	54	54
	53	53	53	53	53	53
	54	54	54	54	54	54
	53	53	53	53	53	53
	54	54	54	54	54	54
	53	53	53	53	53	53
	54	54	54	54	54	54
	53	53	53	53	53	53
	54	54	54	54	54	54
	53	53	53	53	53
	54	54	54	54	54	54
	54	54	54	54	54	54
	53	53	53	53	53	53
	54	54	54	54	54	54
	53	53	53	53	53	53
	54	54	54	54	54	54
	53	53	53	53	53	53
	54	54	54	54	54	54
	53	53	53	53	53	53
	54	54	54	54	54	54
	53	53	53	53	53	53
	54	54	54	54	54	54
	53	53	53	53	53	53
	54	54	54	54	54	54
	53	53	53	53	53	53
	54	54	54	54	54	54
	53	53	53	53	53	53
	54	54	54	54	54	54
	53	53	53	53	53	53
	54	54	54	54	54	54
	53	53	53	53	53	53
	54	54	54	54	54	54
	53	53	53	53	53
	54	54	54	54	54	54
	53	53	53	53	53	53
	54	54	54	54	54	54
	53	53	53	53	53	53
	54	54	54	54	54	54
	53	53	53	53	53	53
	54	54	54	54	54	54
	53	53	53	53	53	53
	54	54	54	54	54	54
	53	53	53	53	53	53
	54	54	54	54	54	54
	53	53	53	53	53	53
	54	54	54	54	54	54
	53	53	53	53	53	53
	54	54	54	54	54	54
	53	53	53	53	53	53
	54	54	54	54	54	54
	53	53	53	53	53	53
	54	54	54	54	54	54
	53	53	53	53	53	53
	54	54	54	54	54	54
	53	53	53	53	53	53
	54	54	54	54	54	54
	53	53	53	53	53	53
	54	54	54	54	54	54
	53	53	53	53	53	53
	54	54	54	54	54	54
	53	53	53	53	53	53
	54	54	54	54	54	54
	53	53	53	53	53
	54	54	54	54	54
	53	53	53	53	53
	54	54	54	54	54
	53	53	53	53	53
	54	54	54	54
	53	53	53	53	53	53
	54	54	54	54	54	54
	53	53	53	53	53	53
	54	54	54	54	54	54
	53	53	53	53	53	53
	54	54	54	54	54	54
	53	53	53	53	53	53
	54	54	54	54	54	54
	53	53	53	53	53	53
	54	54	54	54	54	54
	53	53	53	53	53	53
	54	54	54	54	54	54
	53	53	53	53	53	53
	54	54	54	54	54	54
	53	53	53	53	53	53
	54	54	54	54	54	54
	53	53	53	53	53	53
	54	54	54	54	54
	53	53	53	53	53
	54	54	54	54	54	54
	53	53	53	53	53	53
	54	54	54	54	54	54
	53	53	53	53	53	53
	54	54	54	54	54	54
	53	53	53	53	53	53
	54	54	54	54	54	54
	53	53	53	53	53	53
	54	54	54	54	54	54
	53	53	53	53	53	53
	54	54	54	54	54	54
	53	53	53	53	53	53
	54	54	54	54	54	54
	53	53	53	53	53	53
	54	54	54	54	54	54
	53	53	53	53	53	53
	54	54	54	54	54	54
	53	53	53	53	53	53
	54	54	54	54	54
	53	53	53	53	53
	54	54	54	54	54	54
	53	53	53	53	53	53
	54	54	54	54	54	54
	53	53	53	53	53	53
	54	54	54	54	54	54
	53	53	53	53	53	53
	54	54	54	54	54	54
	53	53	53	53	53	53
	54	54	54	54	54	54
	53	53	53	53	53	53
	54	54	54	54	54	54
	53	53	53	53	53	53
	54	54	54	54	54	54
	53	53	53	53	53	53
	54	54	54	54	54	54
	53	53	53	53	53	53
	54	54	54	54	54	54
	53	53	53	53	53	53
	54	54	54	54	54	54
	53	53	53	53	53	53
	54	54	54	54	54	54
	53	53	53	53	53	53
	54	54	54	54	54	54
	53	53	53	53	53	53
	54	54	54	54	54	54
	53	53	53	53	53	53
	54	54	54	54	54	54
	53	53	53	53	53	53
	54	54	54	54	54	54
	53	53	53	53	53	53
	54	54	54	54	54	54
	53	53	53	53	53	53
	54	54	54	54	54
	53	53	53	53	53
	54	54	54	54	54	54
	53	53	53	53	53	53
	54	54	54	54	54	54
	53	53	53	53	53
	54	54	54	54	54	54
	53	53	53	53	53	53
	54	54	54	54	54	54
	53	53	53	53	53	53
	54	54	54	54	54	54
	53	53	53	53	53	53
	54	54	54	54	54	54
	53	53	53	53	53	53
	54	54	54	54	54	54
	53	53	53	53	53	53
	54	54	54	54	54	54
	53	53	53	53	53	53
	54	54	54	54	54	54
	53	53	53	53	53	53
	54	54	54	54	54
	53	53	53	53	53
	54	54	54	54	54	54
	53	53	53	53	53	53
	54	54	54	54	54	54
	53	53	53	53	53	53
	54	54	54	54	54	54
	53	53	53	53	53	53
	54	54	54	54	54	54
	53	53	53	53	53	53
	54	54	54	54	54	54
	53	53	53	53	53	53
	54	54	54	54	54	54
	53	53	53	53	53
	54	54	54	54	54	54
	53	53	53	53	53	53
	54	54	54	54	54	54
	53	53	53	53	53	53
	54	54	54	54	54	54
	53	53	53	53	53	53
	54	54	54	54	54	54
	53	53	53	53	53	53
	54	54	54	54	54	54
	53	53	53	53	53	53
	54	54	54	54	54	54
	53	53	53	53	53	53
	54	54	54	54	54	54
	53	53	53	53	53	53
	54	54	54	54	54	54
	53	53	53	53	53	53
	54	54	54	54	54	54
	53	53	53	53	53	53
	54	54	54	54	54	54
	53	53	53	53	53	53
	54	54	54	54	54	54
	53	53	53	53	53	53
	54	54	54	54	54	54
	53	53	53	53	53	53
	54	54	54	54	54	54
	53	53	53	53	53	53
	54	54	54	54	54	54
	53	53	53	53	53	53
	54	54	54	54	54	54
	53	53	53	53	53	53
	54	54	54	54	54	54
	53	53	53	53	53	53
	54	54	54	54	54	54
	53	53	53	53	53	53
	54	54	54	54	54	54
	53	53	53	53	53	53
	54	54	54	54	54	54
	53	53	53	53	53	53
	54	54	54	54	54	54
	53	53	53	53	53	53
	54	54	54	54	54	54
	53	53	53	53	53	53
	54	54	54	54	54	54
	53	53	53	53	53	53
	54	54	54	54	54	54
	53	53	53	53	53	53
	54	54	54	54	54	54
	53	53	53	53	53	53
	54	54	54	54	54	54
	53	53	53	53	53	53
	54	54	54	54	54	54
	53	53	53	53	53	53
	54	54	54	54	54	54
	53	53	53	53	53	53
	54	54	54	54	54
	53	53	53	53	53	53
	53	53	53	53	53	53
	54	54	54	54	54	54
	53	53	53	53	53	53
	54	54	54	54	54	54
	53	53	53	53	53	53
	54	54	54	54	54	54
	53	53	53	53	53	53
	54	54	54	54	54
	53	53	53	53	53	53
	54	54	54	54	54	54
	53	53	53	53	53	53
	54	54	54	54	54
	53	53	53	53	53
	54	54	54	54	54	54
	53	53	53	53	53	53
	54	54	54	54	54	54
	53	53	53	53	53	53
	54	54	54	54	54	54
	53	53	53	53	53	53
	54	54	54	54	54	54
	53	53	53	53	53	53
	54	54	54	54	54	54
	53	53	53	53	53	53
	54	54	54	54	54	54
	53	53	53	53	53	53
	54	54	54	54	54	54
	53	53	53	53	53	53
	54	54	54	54	54
	53	53	53	53	53	53
	54	54	54	54	54	54
	53	53	53	53	53	53
	54	54	54	54	54	54
	53	53	53	53	53	53
	54	54	54	54	54	54
	53	53	53	53	53	53
	54	54	54	54	54	54
	53	53	53	53	53
	54	54	54	54	54	54
	53	53	53	53	53	53
	54	54	54	54	54	54
	53	53	53	53	53	53
	54	54	54	54	54	54
	53	53	53	53	53	53
	54	54	54	54	54	54
	53	53	53	53	53	53
	54	54	54	54	54	54
	53	53	53	53	53	53
	54	54	54	54	54	54
	53	53	53	53	53	53
	54	54	54	54	54	54
	53	53	53	53	53	53
	54	54	54	54	54	54
	53	53	53	53	53	53
	54	54	54	54	54	54
	53	53	53	53	53	53
	54	54	54	54	54	54
	53	53	53	53	53	53
	54	54	54	54	54	54
	53	53	53	53	53	53
	54	54	54	54	54	54
	53	53	53	53	53	53
	54	54	54	54	54	54
	53	53	53	53	53	53
	54	54	54	54	54	54
	53	53	53	53	53	53
	54	54	54	54	54
	53	53	53	53	53
	54	54	54	54	54	54
	53	53	53	53	53	53
	54	54	54	54	54	54
	53	53	53	53	53	53
	54	54	54	54	54	54
	53	53	53	53	53	53
	54	54	54	54	54	54
	53	53	53	53	53	53
	54	54	54	54	54	54
	53	53	53	53	53	53
	54	54	54	54	54	54
	53	53	53	53	53	53
	54	54	54	54	54	54
	53	53	53	53	53	53
	54	54	54	54	54	54
	53	53	53	53	53	53
	54	54	54	54	54	54
	53	53	53	53	53	53
	54	54	54	54	54	54
	53	53	53	53	53	53
	54	54	54	54	54	54
	53	53	53	53	53	53
	54	54	54	54	54	54
	53	53	53	53	53	53
	54	54	54	54	54	54
	53	53	53	53	53	53
	54	54	54	54	54	54
	53	53	53	53	53	53
	54	54	54	54	54	54
	53	53	53	53	53	53
	54	54	54	54	54	54
	53	53	53	53	53	53
	54	54	54	54
	53	53	53	53	53	53
	53	53	53	53	53	53
	54	54	54	54	54	54
	53	53	53	53	53	53
	54	54	54	54	54	54
	53	53	53	53	53	53
	54	54	54	54	54	54
	53	53	53	53	53	53
	54	54	54	54	54	54
	53	53	53	53	53	53
	54	54	54	54	54	54
	53	53	53	53	53	53
	54	54	54	54	54	54
	53	53	53	53	53	53
	54	54	54	54	54	54
	53	53	53	53	53	53
	54	54	54	54	54	54
	53	53	53	53	53	53
	54	54	54	54	54	54
	53	53	53	53	53
	54	54	54	54	54	54
	54	54	54	54	54	54
	53	53	53	53	53	53
	54	54	54	54	54	54
	53	53	53	53	53	53
	54	54	54	54	54	54
	53	53	53	53	53	53
	54	54	54	54	54	54
	53	53	53	53	53	53
	54	54	54	54	54	54
	53	53	53	53	53	53
	54	54	54	54	54	54
	53	53	53	53	53	53
	54	54	54	54	54	54
	53	53	53	53	53	53
	54	54	54	54	54	54
	53	53	53	53	53	53
	54	54	54	54	54	54
	53	53	53	53	53	53
	54	54	54	54	54	54
	53	53	53	53	53	53
	54	54	54	54	54	54
	53	53	53	53	53	53
	54	54	54	54	54	54
	53	53	53	53	53	53
	54	54	54	54	54	54
	53	53	53	53	53	53
	54	54	54	54	54	54
	53	53	53	53	53
	54	54	54	54	54	54
	53	53	53	53	53	53
	54	54	54	54	54	54
	53	53	53	53	53	53
	54	54	54	54	54	54
	53	53	53	53	53	53
	54	54	54	54	54	54
	53	53	53	53	53	53
	54	54	54	54	54	54
	53	53	53	53	53	53
	54	54	54	54	54	54
	53	53	53	53	53	53
	54	54	54	54	54	54
	53	53	53	53	53
	54	54	54	54	54	54
	54	54	54	54	54	54
	53	53	53	53	53	53
	54	54	54	54	54	54
	53	53	53	53	53	53
	54	54	54	54	54	54
	53	53	53	53	53	53
	54	54	54	54	54	54
	53	53	53	53	53	53
	54	54	54	54	54	54
	53	53	53	53	53	53
	54	54	54	54	54	54
	53	53	53	53	53	53
	54	54	54	54	54	54
	53	53	53	53	53	53
	54	54	54	54	54	54
	53	53	53	53	53	53
	54	54	54	54	54	54
	53	53	53	53	53	53
	54	54	54	54	54	54
	53	53	53	53	53	53
	54	54	54	54	54	54
	53	53	53	53	53	53
	54	54	54	54	54	54
	53	53	53	53	53	53
	54	54	54	54	54	54
	53	53	53	53	53	53
	54	54	54	54	54	54
	53	53	53	53	53	53
	54	54	54	54	54	54
	53	53	53	53	53	53
	54	54	54	54	54	54
	53	53	53	53	53	53
	54	54	54	54	54	54
	53	53	53	53	53	53
	54	54	54	54	54	54
	53	53	53	53	53	53
	54	54	54	54	54	54
	53	53	53	53	53	53
	54	54	54	54	54	54
	53	53	53	53	53	53
	54	54	54	54	54	54
	53	53	53	53	53	53
	54	54	54	54	54	54
	53	53	53	53	53	53
	54	54	54	54	54	54
	53	53	53	53	53	53
	54	54	54	54	54
	53	53	53	53	53	53
	54	54	54	54	54	54
	53	53	53	53	53	53
	54	54	54	54	54	54
	53	53	53	53	53	53
	54	54	54	54	54	54
	53	53	53	53	53	53
	54	54	54	54	54	54
	53	53	53	53	53	53
	54	54	54	54	54	54
	53	53	53	53	53	53
	54	54	54	54	54	54
	53	53	53	53	53	53
	54	54	54	54	54
	53	53	53	53	53	53
	54	54	54	54	54	54
	53	53	53	53	53	53
	54	54	54	54	54	54
	53	53	53	53	53	53
	54	54	54	54	54	54
	53	53	53	53	53	53
	54	54	54	54	54	54
	53	53	53	53	53	53
	54	54	54	54	54	54
	53	53	53	53	53	53
	54	54	54	54	54	54
	53	53	53	53	53	53
	54	54	54	54	54	54
	53	53	53	53	53	53
	54	54	54	54	54	54
	53	53	53	53	53	53
	54	54	54	54	54	54
	53	53	53	53	53	53
	54	54	54	54
	53	53	53	53	53
	54	54	54	54	54	54
	53	53	53	53	53	53
	54	54	54	54	54	54
	53	53	53	53	53	53
	54	54	54	54	54	54
	53	53	53	53	53	53
	54	54	54	54	54	54
	53	53	53	53	53	53
	54	54	54	54	54
	53	53	53	53	53	53
	54	54	54	54	54	54
	53	53	53	53	53	53
	54	54	54	54	54	54
	53	53	53	53	53	53
	54	54	54	54	54	54
	53	53	53	53	53	53
	54	54	54	54	54	54
	53	53	53	53	53	53
	45	69	45	69	69	69
	46	70	46	70	70	70
	47	71	40	64	65	66
	67	67	41	67	67	67
	68	68	42	68	68	68
	43	43	43	43	43	43
	44	44	44	44	44	44
	66	45	45	45	66	66
	46	46	46	46	46	46
	42	42	42	42	42	42
	69	69	54	69	69	69
	70	70	53	70	70	70
	67	67	67	67	67	67
	68	68	43	68	68	68
	66	66	54	66	66	66
	45	45	45	45	45	45
	44	44	44	44	44	44
	53	53	53	43	43	43
	42	42	42	42	42	42
	46	46	46	46	46	46
	64	65	40	41	69	69
	54	54	54	67	67	67
	70	70	70	70	70	70
	68	68	68	68	68	68
	66	66	66	66	66	66
	43	43	43	43	69	43
	53	53	53	44	67	44
	45	45	45	45	45	45
	42	42	42	42	42	42
	67	67	54	67	67	46
	69	69	69	69	69	69
	68	68	44	68	68	44
	66	66	66	66	66	66
	70	70	70	70	70	70
	43	54	54	43	43	43
	46	53	53	46	46	46
	42	67	42	67	67	67
	44	68	44	44	44	44
	45	54	45	45	45	45
	68	68	68	68	68	68
	71	47	47	65	64	40
	41	41	41	69	69	69
	46	53	53	70	70	70
	40	54	54	66	54	54
	43	43	43	67	67	43
	42	42	42	69	42	42
	46	53	66	66	66	66
	45	45	70	70	45	45
	44	44	68	68	44	68
	46	53	69	69	69	69
	67	54	67	67	67	67
	43	43	43	70	70	70
	42	42	42	42	66	66
	46	53	46	46	68	53
	45	45	45	45	54	54
	44	44	44	44	44	68
	43	43	43	43	69	69
	66	53	66	66	66	66
	67	54	67	67	67	67
	42	42	42	42	68	68
	65	64	64	41	41	40
	70	46	70	70	70	70
	44	44	44	44	53	69
	45	54	45	45	54	68
	40	43	43	43	66	66
	46	46	46	46	67	67
	42	53	42	42	53	69
	68	68	68	68	68	68
	44	54	44	44	66	66
	43	43	43	43	67	67
	45	45	45	69	69	69
	70	53	70	70	70	70
	42	42	42	42	54	42
	46	66	46	66	66	66
	44	44	44	44	67	67
	68	68	68	68	68	68
	43	43	43	43	53	43
	45	54	45	45	54	69
	67	42	67	67	67	67
	46	46	46	66	66	66
	47	71	65	41	64	41
	40	40	70	70	53	70
	69	69	69	69	69	69
	54	45	54	45	54	45
	44	44	53	44	53	44
	42	42	42	42	68	42
	46	46	46	46	70	46
	43	43	43	43	66	43
	45	67	67	67	67	67
	68	68	68	68	68	70
	54	54	54	66	54	66
	53	69	53	69	53	69
	44	44	44	44	70	45
	42	42	42	46	66	46
	43	43	43	45	70	45
	66	69	53	69	53	69
	54	70	54	70	54	70
	46	46	46	46	53	46
	45	45	45	45	45	45
	69	69	53	69	69	69
	70	70	54	70	54	70
	53	46	53	46	53	46
	54	45	45	45	54	45
	69	69	69	69	69	69
	70	70	53	70	70	70
	54	46	46	46	54	46
	53	45	53	45	53	45
	54	69	54	54	54	46
	70	70	70	70	70	70
	69	69	45	45	53	45
	53	46	46	46	53	46
	69	69	54	69	54	45
	70	70	53	70	53	45
	69	46	54	46	54	46
	69	45	45	45	45	45
	70	70	53	53	53	53
	69	69	54	54	54	46
	70	70	46	46	46	46
	69	69	53	45	45	45
	70	70	54	54	54	54
	69	69	53	53	53	46
	70	70	45	45	45	45
	69	69	46	46	46	46
	70	70	54	54	54	54
	69	53	53	53	53	53
	45	70	45	70	45	45
	69	69	69	69	46	69
	46	54	54	54	46	54
	70	70	70	70	45	70
	53	53	53	53	53	53
	46	69	69	69	46	69
	45	54	54	54	45	54
	46	70	70	70	46	70
	45	53	69	53	45	53
	46	54	69	54	46	54
	45	69	69	69	45	69
	70	70	70	70	70	70
	46	53	53	53	46	53
	45	54	54	54	45	54
	69	69	69	69	46	69
	45	53	45	53	45	53
	46	46	46	46	46	54
	70	70	70	70	70	70
	69	54	45	69	45	54
	46	53	46	53	46	53
	69	45	45	69	45	54
	70	54	70	70	70	54
	69	53	46	69	46	53
	45	45	45	45	45	54
	69	53	46	69	46	53
	70	54	70	70	70	54
	69	46	46	69	69	53
	45	45	45	45	45	54
	46	53	46	70	70	53
	69	54	46	69	69	54
	70	53	46	70	70	53
	45	54	45	45	45	54
	46	46	46	46	46	53
	69	69	45	69	69	69
	70	70	45	70	70	54
	53	53	46	53	53	53
	45	54	45	45	45	54
	69	69	46	69	69	54
	70	70	46	70	70	53
	46	46	46	46	46	54
	45	45	45	45	45	53
	69	69	54	69	69	54
	70	70	53	70	53	53
	46	46	46	46	54	54
	45	45	45	45	69	53
	70	70	70	70	54	54
	53	69	46	69	53	53
	45	45	45	45	54	54
	46	46	46	46	69	46
	53	70	70	70	53	70
	54	69	69	69	69	69
	45	45	45	45	54	54
	53	53	46	70	53	53
	46	70	46	70	54	70
	45	69	69	69	69	69
	54	46	54	46	54	54
	45	45	45	45	53	45
	46	70	70	70	70	70
	53	69	53	46	53	53
	54	69	54	46	54	69
	45	45	45	45	53	45
	46	46	46	46	70	46
	69	69	69	69	69	69
	70	70	54	70	54	70
	53	45	53	45	53	53
	46	46	46	46	54	46
	70	70	45	45	54	70
	69	69	69	69	53	69
	54	45	54	45	54	45
	70	70	53	46	53	70
	46	46	46	46	54	46
	69	69	45	45	53	45
	70	70	70	70	54	70
	69	69	53	45	53	45
	54	46	54	46	54	46
	69	69	69	69	53	45
	70	70	70	45	70	45
	46	46	53	46	53	46
	54	54	54	54	54	45
	69	69	69	45	69	45
	70	53	53	46	53	46
	70	54	70	45	70	45
	69	54	69	46	54	46
	53	53	53	45	53	45
	69	54	69	69	54	46
	70	54	70	70	70	70
	45	45	45	45	53	45
	69	54	46	46	54	46
	69	53	53	69	53	53
	70	54	70	70	54	70
	69	54	46	69	54	46
	45	53	45	45	53	45
	69	54	69	69	54	69
	70	70	70	70	53	46
	46	53	46	53	53	46
	45	54	54	54	54	45
	70	70	70	70	70	70
	69	69	69	69	69	69
	45	53	53	53	45	45
	46	46	54	54	46	46
	70	54	70	70	45	70
	69	53	53	69	53	53
	45	54	54	54	54	54
	46	46	46	46	46	69
	70	45	45	70	45	70
	69	53	69	69	53	53
	70	54	46	70	54	54
	69	45	45	45	45	69
	46	46	46	46	46	53
	70	70	45	70	53	70
	69	54	45	69	54	54
	69	53	46	46	53	53
	70	45	45	45	45	54
	69	69	46	69	46	69
	70	70	46	70	46	53
	69	54	45	54	45	54
	70	53	46	70	46	53
	69	54	45	69	45	54
	70	53	46	70	46	53
	69	45	45	69	45	54
	70	53	46	70	46	53
	69	54	69	69	45	54
	70	46	46	70	46	53
	69	45	45	45	45	54
	70	70	70	70	46	53
	69	69	69	69	69	54
	53	53	46	46	46	53
	70	45	45	45	45	54
	54	54	70	70	46	54
	53	53	69	69	69	53
	70	46	46	46	46	54
	70	45	45	45	45	53
	54	69	69	69	69	54
	70	70	70	70	70	53
	54	46	46	46	46	54
	53	45	45	45	45	53
	54	69	69	69	69	54
	53	70	70	70	70	53
	54	46	46	46	46	54
	53	45	45	45	45	45
	53	69	69	69	69	53
	54	70	70	70	70	54
	53	46	46	46	46	46
	54	45	45	45	45	54
	53	69	69	69	69	53
	54	70	70	70	70	70
	53	46	46	46	46	53
	54	45	54	45	45	54
	69	69	69	69	69	69
	53	70	53	70	53	53
	54	46	46	46	46	46
	54	45	45	45	45	45
	70	70	70	70	70	70
	54	69	54	69	54	69
	53	46	53	53	53	53
	54	45	45	45	45	45
	69	46	69	46	46	46
	70	70	70	70	54	70
	53	45	69	69	53	69
	54	46	54	54	54	46
	53	45	70	45	53	45
	69	46	69	69	69	46
	70	45	70	70	70	70
	54	46	54	54	54	46
	53	45	53	53	53	45
	69	46	69	46	69	46
	70	45	70	45	70	45
	54	54	54	54	54	46
	69	53	53	53	53	46
	70	70	70	45	45	45
	69	69	69	46	69	69
	54	54	54	54	54	46
	70	53	53	53	53	70
	69	69	46	46	46	46
	45	45	45	45	45	45
	70	70	70	70	70	70
	69	69	69	54	54	69
	53	53	46	53	53	53
	46	54	69	54	46	54
	70	70	70	70	45	70
	69	69	69	69	45	69
	46	53	46	53	46	53
	54	54	54	54	54	54
	45	70	70	53	45	70
	46	69	69	53	46	69
	45	70	70	53	45	70
	46	69	69	54	54	54
	45	53	53	53	53	53
	46	46	70	54	46	70
	45	45	69	69	45	69
	46	54	70	54	54	54
	45	53	70	53	53	53
	46	69	69	69	69	69
	45	70	70	70	70	70
	46	46	46	54	54	54
	45	45	45	53	53	53
	46	69	69	69	69	69
	45	70	70	54	54	54
	46	46	46	53	53	53
	45	45	45	45	70	45
	70	70	70	54	54	54
	69	69	69	69	69	69
	46	46	46	46	53	46
	45	70	45	53	53	53
	70	54	70	54	54	54
	45	45	45	45	45	45
	69	69	69	69	53	53
	46	70	46	70	46	46
	70	70	70	54	54	54
	69	69	69	53	53	53
	45	45	45	45	45	45
	46	46	46	46	46	46
	70	70	70	70	54	54
	69	69	69	69	53	53
	45	45	45	54	54	54
	70	70	46	70	53	53
	69	69	46	69	46	69
	45	45	45	45	45	54
	70	70	46	53	46	53
	69	69	46	54	54	54
	70	70	53	70	46	53
	45	69	45	69	45	54
	46	46	46	46	46	53
	70	70	45	70	45	54
	69	69	53	69	53	53
	45	54	54	54	54	54
	46	70	46	46	46	46
	45	69	45	45	45	53
	70	70	70	70	53	70
	46	69	69	69	46	69
	45	70	54	54	45	54
	53	53	53	53	53	53
	46	70	46	46	46	46
	45	69	45	45	45	54
	70	70	70	70	70	54
	69	69	69	69	69	53
	46	70	46	46	46	54
	45	45	45	45	45	53
	54	70	70	70	46	54
	53	69	69	69	69	53
	46	46	54	46	46	54
	45	70	53	70	45	53
	69	69	69	69	69	54
	70	70	53	70	45	53
	46	46	54	46	46	54
	45	45	45	45	45	45
	70	70	53	70	70	53
	69	69	69	69	69	54
	46	46	54	46	46	54
	53	70	53	45	45	53
	70	70	70	70	46	54
	69	69	69	69	69	53
	45	45	54	45	45	54
	46	46	46	46	46	53
	70	70	70	70	70	53
	69	69	54	45	69	54
	45	45	53	45	45	53
	46	70	70	46	46	54
	69	69	69	53	69	53
	70	70	70	54	45	54
	46	53	46	46	46	53
	45	69	45	45	45	54
	70	54	70	54	70	54
	69	53	69	53	69	53
	46	46	46	46	46	46
	45	54	70	54	45	45
	69	53	69	53	69	69
	70	54	70	70	70	70
	45	53	53	53	45	45
	46	54	54	54	46	46
	69	53	69	69	69	69
	45	54	70	54	45	45
	70	53	70	53	53	46
	46	54	69	54	46	46
	70	53	70	53	45	45
	69	69	69	54	54	69
	70	70	70	53	46	46
	45	54	69	54	45	45
	70	53	53	53	53	46
	69	69	69	54	54	45
	70	70	70	70	46	46
	69	45	69	53	45	45
	70	54	70	54	54	46
	69	53	69	53	53	46
	70	45	70	54	45	45
	69	46	69	53	46	46
	70	45	70	54	54	45
	69	53	69	53	53	69
	70	46	46	54	46	46
	70	45	45	45	45	45
	69	69	69	54	54	69
	70	70	70	53	53	70
	46	46	46	46	54	46
	69	45	45	53	53	69
	70	70	70	54	54	70
	69	45	45	53	53	69
	46	46	46	54	54	54
	45	45	45	53	69	69
	70	70	70	70	70	70
	46	69	46	53	53	69
	54	54	45	54	54	54
	46	69	46	53	53	53
	45	45	45	45	69	69
	70	70	70	70	70	70
	46	46	46	54	54	54
	69	69	69	53	69	69
	45	45	45	53	45	53
	46	46	46	54	46	54
	70	70	45	70	70	53
	69	69	45	69	69	69
	54	46	46	54	54	54
	53	53	45	53	53	53
	45	70	45	70	45	70
	46	69	46	46	46	69
	54	70	54	54	54	54
	45	69	45	53	45	53
	46	70	46	70	46	70
	53	69	69	69	69	69
	45	45	45	45	45	54
	53	70	70	70	46	53
	54	69	54	54	46	54
	53	69	46	46	46	53
	45	70	70	70	45	70
	54	69	69	69	69	54
	53	46	46	46	46	53
	45	45	45	45	45	54
	53	70	70	70	46	53
	54	69	69	69	54	54
	53	70	46	46	46	53
	45	45	45	45	45	54
	69	69	69	69	46	69
	53	70	70	70	70	53
	54	46	54	46	46	54
	53	70	70	45	45	53
	54	69	69	69	46	54
	45	70	70	45	45	53
	46	46	46	46	46	54
	53	69	69	69	45	53
	54	70	70	70	45	54
	53	69	69	45	45	53
	54	46	70	46	46	54
	53	70	70	45	45	53
	54	69	69	46	46	54
	53	70	70	45	45	53
	54	69	69	46	46	54
	45	70	70	45	45	53
	54	69	69	46	46	54
	53	70	70	53	45	53
	46	69	69	46	46	54
	45	70	70	45	45	53
	54	69	69	54	46	54
	53	70	70	53	45	53
	46	69	69	46	46	54
	45	70	70	70	45	53
	54	69	69	54	46	54
	53	53	70	53	45	53
	46	69	69	54	46	54
	45	70	70	70	45	70
	46	53	69	53	46	53
	45	54	69	54	45	54
	46	53	70	70	46	70
	45	54	69	69	45	69
	46	53	70	53	46	53
	54	54	69	54	45	54
	70	70	70	70	46	70
	45	69	69	53	45	69
	46	53	70	53	46	53
	45	54	69	54	45	54
	46	70	70	53	46	70
	45	69	69	69	45	69
	46	54	70	54	46	70
	53	53	69	53	45	53
	46	54	70	54	46	70
	45	45	69	53	45	53
	46	69	69	54	46	54
	70	70	70	70	45	45
	46	53	46	53	46	53
	69	54	69	54	45	54
	70	53	70	53	45	53
	69	54	46	69	46	46
	70	54	45	54	45	45
	69	53	69	53	46	53
	70	70	70	70	45	54
	69	69	46	53	46	53
	70	70	45	54	45	54
	69	69	69	69	46	46
	70	70	70	53	45	53
	69	69	45	54	45	54
	46	70	46	53	46	46
	45	70	70	54	45	54
	69	69	69	53	45	53
	46	70	70	54	46	54
	45	69	69	53	45	53
	46	70	46	54	46	46
	45	70	45	53	45	45
	46	69	69	69	69	54
	46	70	70	70	70	53
	45	69	45	54	45	54
	46	69	46	53	46	53
	70	70	70	70	70	54
	45	69	45	69	45	53
	46	69	46	46	46	54
	53	69	45	53	53	53
	70	70	70	70	70	54
	45	69	45	69	45	54
	46	69	46	46	46	46
	53	53	45	53	53	53
	54	54	69	54	54	54
	45	70	70	70	70	45
	46	69	69	69	69	46
	45	53	45	45	53	53
	46	70	70	70	54	54
	46	69	69	69	69	69
	45	70	45	45	53	53
	46	54	46	46	54	54
	70	70	70	70	53	53
	45	69	45	69	54	45
	46	69	46	46	53	46
	45	70	70	70	54	54
	53	69	69	69	53	53
	45	70	45	45	54	54
	46	69	46	46	53	46
	70	70	70	70	54	54
	45	69	69	69	53	53
	46	70	46	46	54	46
	45	69	45	45	53	45
	70	54	70	70	54	54
	69	69	69	69	53	53
	46	70	46	46	54	54
	45	53	45	45	53	53
	70	70	70	46	70	70
	69	69	69	69	54	54
	45	53	45	45	53	53
	46	54	46	46	46	46
	45	69	69	45	54	54
	70	70	70	70	70	70
	53	53	69	46	53	53
	45	54	69	45	54	54
	46	69	46	46	46	69
	45	70	45	45	53	70
	69	69	69	46	54	69
	70	53	70	45	53	70
	46	54	54	54	54	54
	45	53	69	53	53	69
	46	70	70	46	46	70
	45	69	45	45	45	69
	70	70	54	54	54	70
	46	69	53	53	53	46
	69	69	69	45	45	69
	46	46	54	54	54	46
	70	70	53	53	53	70
	45	45	54	45	45	45
	69	69	69	54	69	69
	46	46	53	53	46	46
	70	70	54	54	70	70
	69	69	53	53	53	69
	45	45	54	54	45	45
	46	46	53	46	46	46
	70	70	54	54	70	70
	69	69	53	53	45	69
	45	45	54	54	45	45
	46	46	53	53	46	46
	70	70	70	70	70	70
	69	69	69	69	69	69
	54	54	54	54	54	54
	70	45	53	53	45	45
	69	46	46	53	46	46
	70	45	70	53	45	70
	69	46	69	54	46	69
	70	45	45	53	45	53
	69	54	54	54	46	54
	70	46	70	53	46	70
	69	45	69	69	45	69
	70	46	70	54	46	54
	45	45	45	53	45	53
	69	46	69	54	46	54
	70	70	70	53	46	53
	69	45	69	54	45	45
	46	46	70	53	46	46
	69	69	69	54	45	54
	70	70	70	53	45	53
	46	69	69	54	46	54
	45	70	70	53	45	45
	46	69	69	53	46	46
	45	70	70	54	45	54
	46	69	69	53	46	53
	45	70	70	54	45	54
	46	69	69	53	46	53
	45	70	70	54	45	54
	46	69	69	53	46	53
	45	70	70	54	45	45
	46	69	69	53	46	46
	70	70	70	54	70	54
	45	69	69	53	45	53
	46	69	46	54	46	54
	45	70	70	53	45	53
	69	69	69	54	69	54
	70	70	70	70	46	46
	45	45	45	45	45	45
	53	53	69	53	53	53
	46	54	46	54	46	54
	69	69	69	69	69	69
	70	70	70	70	70	70
	45	45	45	45	45	45
	46	46	46	46	46	54
	53	53	53	53	53	53
	54	54	54	54	54	54
	69	69	69	69	69	69
	70	70	70	70	70	45
	46	46	46	46	46	46
	45	53	45	45	45	45
	69	69	69	69	53	53
	54	54	54	54	54	54
	70	70	70	70	70	46
	46	53	46	46	53	53
	45	69	69	45	69	45
	46	70	70	46	54	54
	45	53	53	45	53	53
	69	69	69	69	69	69
	46	70	70	46	54	46
	45	70	45	45	54	45
	46	53	53	46	53	53
	70	70	70	70	54	70
	69	69	69	45	69	69
	54	54	54	46	54	54
	45	53	45	45	53	45
	46	70	70	46	70	46
	69	69	69	45	53	69
	70	70	70	46	54	70
	45	53	53	45	53	45
	46	54	54	46	54	69
	69	69	69	45	53	69
	70	70	70	46	54	70
	45	53	53	45	53	45
	46	69	54	46	54	46
	70	70	70	45	53	70
	69	69	69	46	54	69
	45	45	53	45	53	45
	46	54	54	46	54	46
	70	70	53	45	53	70
	69	69	69	46	69	69
	45	70	54	45	54	70
	46	53	53	46	53	69
	70	70	54	45	54	70
	69	69	53	46	53	69
	45	45	54	45	54	70
	46	46	53	46	46	69
	70	70	54	45	54	70
	69	53	53	69	53	69
	45	45	54	45	54	70
	46	46	53	46	46	70
	69	69	54	69	54	69
	70	45	53	45	53	70
	70	46	54	46	54	46
	69	45	45	45	53	69
	70	46	70	70	54	70
	69	45	53	45	53	69
	70	46	46	46	54	54
	69	45	45	45	53	69
	70	46	46	46	54	70
	69	53	69	53	53	53
	70	45	70	70	54	54
	69	46	69	69	46	69
	70	45	45	45	45	45
	70	46	46	53	53	53
	69	69	69	54	54	54
	70	46	70	70	46	70
	45	45	45	45	45	45
	46	69	69	53	53	53
	46	46	70	54	54	54
	69	69	69	69	53	69
	45	70	70	70	45	70
	46	46	46	46	46	54
	45	45	69	53	53	53
	54	70	70	54	54	54
	45	69	69	69	45	69
	46	46	70	46	46	53
	45	45	70	54	45	54
	53	69	69	53	53	53
	46	70	70	70	46	70
	45	69	45	54	45	54
	46	69	69	53	46	53
	70	70	70	54	70	54
	45	69	45	69	45	53
	46	46	46	46	46	46
	69	69	69	54	69	54
	70	70	70	53	45	53
	45	45	45	54	45	54
	46	69	46	53	46	53
	70	70	70	70	70	70
	69	69	69	69	69	54
	45	45	45	53	45	53
	46	46	46	54	46	54
	70	70	70	53	70	53
	69	69	69	69	45	54
	46	46	46	54	46	54
	45	45	45	53	45	45
	70	70	70	70	70	53
	69	69	69	69	69	54
	46	53	53	53	46	53
	45	54	54	54	45	54
	70	70	70	70	46	46
	69	69	69	69	45	53
	46	54	46	54	46	54
	45	53	45	53	45	53
	70	70	70	70	70	46
	69	69	69	69	69	45
	46	54	54	54	46	46
	45	53	53	53	45	45
	70	70	70	70	70	70
	46	69	54	54	46	46
	45	53	53	53	45	45
	69	69	69	69	69	69
	54	54	54	54	54	54
	46	70	46	46	46	46
	45	53	53	53	45	45
	70	70	70	70	70	70
	69	69	53	53	69	69
	45	54	54	54	45	45
	46	46	46	46	46	46
	53	53	53	53	53	70
	69	69	54	54	54	69
	45	70	45	45	70	70
	46	69	53	46	53	69
	45	45	54	45	54	45
	70	70	53	46	70	70
	69	69	54	46	69	69
	46	53	53	46	53	46
	54	54	54	45	54	45
	70	70	53	70	70	70
	69	69	53	45	69	69
	46	46	54	46	54	46
	45	45	53	45	53	45
	70	70	70	70	70	70
	69	46	54	46	54	69
	45	45	53	45	53	69
	69	46	54	46	54	69
	70	53	53	70	53	70
	45	45	54	45	54	69
	46	46	69	46	53	69
	70	45	70	70	54	70
	69	46	53	46	53	69
	69	45	54	45	54	54
	70	46	70	46	53	70
	69	45	69	45	53	69
	70	46	54	46	54	54
	69	45	45	45	53	53
	70	46	70	70	54	70
	69	46	69	69	53	69
	70	45	45	45	54	45
	70	46	46	46	53	46
	69	45	69	69	54	54
	70	46	70	70	53	53
	69	45	45	45	54	54
	69	46	69	46	53	53
	70	45	70	70	54	70
	69	46	69	46	53	69
	45	45	45	45	54	54
	46	46	70	70	53	53
	69	46	69	69	54	54
	45	45	70	70	53	53
	46	46	69	46	54	46
	45	45	70	70	53	70
	45	69	69	69	54	69
	46	46	46	46	53	53
	45	45	45	45	54	54
	70	70	70	70	53	70
	54	69	69	69	54	69
	46	46	46	46	53	53
	45	45	45	45	54	45
	70	70	70	70	70	70
	69	69	69	69	53	69
	46	46	46	46	54	54
	53	45	45	45	53	53
	70	70	70	70	54	70
	69	46	69	69	54	69
	45	45	45	45	53	53
	46	46	46	46	54	54
	70	70	70	70	53	53
	69	69	69	69	69	69
	54	45	45	45	54	54
	46	46	46	70	53	53
	70	45	70	70	54	45
	69	46	69	69	69	53
	54	45	45	70	54	54
	53	46	46	46	53	53
	70	70	70	70	70	45
	69	69	69	69	69	46
	54	45	45	45	54	45
	53	46	46	53	53	46
	54	54	70	70	54	54
	69	45	69	69	69	45
	53	46	70	70	53	46
	54	45	45	70	54	45
	53	46	69	69	53	46
	70	70	70	70	70	54
	53	45	69	69	69	45
	54	54	46	46	46	46
	53	53	53	53	53	53
	45	45	54	45	45	45
	69	69	69	69	69	46
	70	70	70	70	70	70
	54	54	54	54	46	54
	53	53	53	46	46	46
	45	45	45	45	45	45
	69	69	69	69	69	69
	70	70	70	46	70	70
	54	54	54	54	46	46
	53	53	53	53	45	53
	69	69	69	46	69	46
	45	45	70	45	70	45
	54	54	54	54	70	46
	53	53	69	53	69	46
	70	70	70	45	70	70
	46	46	69	46	46	46
	54	45	54	45	45	45
	53	53	69	53	69	69
	54	54	70	54	70	70
	53	53	69	46	46	46
	45	45	69	45	45	45
	54	54	70	70	70	70
	53	53	69	69	69	69
	46	46	54	46	54	46
	53	53	70	53	53	45
	54	54	69	54	54	45
	70	70	70	70	70	70
	69	46	69	69	69	46
	45	45	53	45	53	45
	54	54	69	54	54	46
	70	53	70	70	53	46
	69	53	69	69	69	45
	70	54	70	70	54	46
	53	53	69	53	53	45
	46	54	46	46	54	46
	69	54	45	69	45	45
	70	53	70	70	70	70
	69	54	46	69	46	46
	69	53	45	45	45	45
	70	54	70	70	54	54
	69	53	46	69	53	53
	70	54	46	70	46	46
	69	53	45	69	45	45
	70	54	46	70	54	54
	69	53	45	69	53	53
	70	46	46	70	54	46
	45	69	45	69	53	45
	46	70	46	70	54	54
	45	69	45	69	53	53
	46	70	46	70	54	70
	45	45	45	69	53	69
	46	46	46	70	54	54
	45	69	53	69	53	53
	45	70	45	70	54	54
	46	69	46	69	46	53
	45	70	54	70	54	54
	45	69	53	69	53	53
	46	70	46	70	46	70
	45	45	45	69	45	54
	46	69	53	69	53	53
	54	70	54	70	54	54
	46	46	46	69	46	69
	45	45	45	70	45	53
	70	70	54	70	54	54
	69	69	53	69	53	53
	46	46	46	70	46	54
	45	45	45	69	45	53
	70	70	54	70	54	54
	69	69	53	69	46	53
	45	45	45	70	45	53
	46	46	46	69	46	54
	70	70	53	70	70	70
	69	69	54	69	54	54
	45	45	53	69	45	53
	46	46	46	70	46	46
	69	69	54	69	54	54
	70	70	53	70	53	53
	45	45	45	69	45	45
	46	46	54	70	46	46
	69	69	53	69	69	53
	70	70	54	70	70	54
	45	45	53	69	45	45
	46	46	54	69	46	46
	53	70	53	70	53	53
	54	69	54	69	45	54
	46	46	53	70	46	46
	45	45	54	69	45	45
	70	70	53	70	70	70
	69	69	54	69	69	54
	46	46	53	53	46	46
	45	45	54	70	45	45
	69	69	53	69	69	53
	70	70	54	70	70	70
	46	46	53	46	46	46
	45	45	54	54	45	45
	69	69	53	69	69	69
	70	70	54	54	46	70
	45	45	53	53	45	45
	46	46	54	46	46	46
	70	70	53	53	70	70
	69	69	54	69	69	69
	45	45	53	45	45	45
	46	46	54	54	46	46
	70	70	53	53	70	70
	69	69	54	54	69	69
	45	45	53	53	45	45
	46	46	54	46	46	46
	70	70	53	53	70	70
	69	69	54	54	69	69
	45	45	53	45	45	45
	70	46	54	46	46	70
	69	69	53	53	69	69
	70	46	54	54	70	70
	45	45	53	45	45	45
	46	46	54	46	46	46
	69	69	53	53	69	69
	70	70	54	54	70	70
	69	45	53	53	45	69
	70	46	54	54	46	70
	69	45	53	45	45	69
	70	46	54	46	46	70
	69	45	53	53	45	69
	70	46	54	54	46	54
	69	45	69	45	45	69
	70	46	70	53	70	70
	53	46	53	53	46	53
	69	45	54	54	45	54
	69	46	69	69	46	69
	70	45	70	70	45	70
	53	46	53	53	46	53
	54	45	54	54	45	54
	69	46	69	69	46	69
	70	45	70	70	45	70
	53	53	53	53	46	53
	54	54	54	54	45	54
	69	46	46	46	46	69
	45	45	45	45	45	70
	53	69	69	69	46	69
	54	70	70	70	70	70
	53	53	53	53	46	53
	54	54	45	54	45	54
	46	69	46	46	69	69
	45	70	70	70	70	70
	53	53	45	53	53	53
	54	69	69	54	54	69
	46	46	46	46	70	70
	45	45	45	45	69	69
	54	54	70	54	54	54
	53	53	46	53	53	53
	45	70	70	70	70	70
	46	69	69	69	69	69
	54	45	45	45	54	54
	46	46	46	46	70	46
	53	53	45	53	53	53
	54	69	69	54	69	69
	45	70	70	70	70	70
	46	46	46	46	69	46
	54	54	45	54	54	45
	53	53	45	53	53	53
	69	69	69	69	69	69
	70	70	70	70	70	70
	45	54	45	45	54	45
	46	53	46	46	46	46
	54	54	69	54	69	54
	53	53	45	53	70	53
	45	70	45	45	70	45
	46	69	46	46	69	46
	54	54	70	54	70	54
	53	53	69	53	69	53
	45	70	45	45	45	45
	46	54	46	46	46	46
	69	69	69	69	69	53
	70	70	70	70	70	54
	53	53	45	45	45	53
	54	69	54	46	54	46
	53	70	53	45	53	45
	29	13	21	29	13	5
	30	14	22	30	14	6
	31	15	23	7	77	5
	78	8	78	78	78	78
	79	9	24	24	10	0
	25	11	25	26	11	1
	27	12	2	27	12	2
	16	16	3	28	28	3
	17	17	4	4	18	4
	19	19	19	19	19	19
	20	20	20	20	20	20
	72	21	72	73	73	21
	74	22	74	74	74	6
	75	10	75	75	75	69
	76	13	76	76	76	0
	77	9	77	77	77	5
	54	14	46	1	46	70
	29	29	29	18	29	18
	26	26	26	45	26	26
	30	30	30	11	30	30
	53	53	53	2	12	2
	27	27	78	3	8	3
	28	28	28	4	28	28
	22	24	22	6	10	6
	16	25	69	16	69	25
	17	17	21	21	13	5
	19	19	19	19	19	70
	20	54	73	20	73	0
	45	14	72	14	14	1
	9	9	74	11	11	74
	18	12	75	12	12	75
	46	76	76	46	46	46
	8	10	78	4	10	4
	2	27	77	27	77	2
	26	26	26	26	26	26
	3	53	24	3	3	3
	29	70	29	29	13	29
	28	69	28	28	22	28
	30	54	30	30	30	5
	20	72	72	0	20	6
	23	15	31	7	79	1
	21	45	45	21	21	45
	25	16	25	16	17	78
	18	18	14	14	14	14
	8	73	73	8	74	74
	9	53	9	11	53	76
	19	19	75	19	19	75
	24	70	24	13	22	70
	27	10	27	27	27	27
	12	12	12	12	12	46
	77	69	77	4	4	77
	2	2	2	2	2	2
	26	54	26	26	54	54
	0	0	72	29	5	72
	17	6	6	28	6	6
	3	3	3	20	3	3
	1	1	78	30	78	78
	76	76	76	11	18	76
	10	10	10	10	21	10
	74	45	74	74	74	45
	22	22	13	22	22	13
	75	75	75	75	53	75
	25	16	25	16	14	14
	73	46	69	69	4	46
	8	8	70	70	19	70
	9	9	24	24	5	28
	27	20	27	27	27	27
	72	12	29	29	29	29
	77	11	77	26	17	77
	18	18	18	30	0	18
	54	2	2	2	2	2
	21	21	21	21	1	21
	78	3	3	3	3	3
	76	6	6	6	6	6
	53	19	19	28	4	19
	74	10	10	74	45	45
	73	13	13	13	13	13
	20	20	20	20	20	20
	72	14	14	26	5	14
	75	12	12	75	12	12
	15	79	31	23	7	46
	22	22	69	69	69	69
	17	17	70	25	0	0
	16	16	30	30	1	1
	54	8	9	24	54	9
	11	11	11	29	11	11
	78	78	53	78	53	78
	77	77	27	77	77	77
	76	76	18	76	4	4
	28	72	28	28	28	2
	73	73	21	26	21	45
	74	10	19	5	5	5
	46	3	3	3	3	3
	70	6	6	6	6	6
	75	13	13	75	0	13
	22	14	14	14	14	14
	20	12	20	27	20	12
	29	72	29	29	29	29
	69	18	18	30	30	69
	54	10	54	2	2	2
	53	11	19	26	26	45
	74	74	46	4	4	4
	78	78	21	78	78	0
	76	76	76	76	76	70
	28	77	22	28	28	22
	75	75	75	27	27	5
	72	72	12	3	3	3
	19	10	19	10	19	10
	13	13	20	20	20	20
	11	11	18	6	6	6
	53	53	45	45	45	45
	69	69	46	46	46	69
	14	14	21	26	2	2
	74	74	74	30	74	70
	54	12	54	4	4	4
	77	77	77	29	77	5
	18	27	27	27	27	75
	22	28	22	22	22	3
	10	76	76	76	76	78
	13	13	19	19	19	13
	70	70	21	21	21	70
	53	53	30	30	30	6
	14	14	29	14	14	5
	69	69	46	46	69	69
	45	54	45	45	45	54
	78	78	78	6	78	78
	13	77	77	22	77	77
	29	29	29	5	5	5
	70	53	30	21	53	53
	46	54	46	46	46	6
	13	13	30	13	22	13
	14	14	14	14	14	14
	70	70	45	21	70	70
	69	69	78	69	69	69
	29	54	77	22	77	77
	6	53	30	6	53	6
	5	45	45	5	5	5
	78	21	78	21	54	21
	13	46	29	46	46	46
	30	22	30	22	22	22
	14	70	14	70	70	70
	77	54	77	69	54	77
	13	53	29	45	53	45
	78	21	78	6	78	78
	14	69	30	69	69	69
	13	29	29	5	29	5
	46	46	46	46	54	46
	6	22	6	22	53	22
	30	21	30	21	70	21
	45	45	45	45	14	45
	77	77	77	77	54	77
	13	13	13	13	13	78
	14	70	5	5	53	70
	29	69	29	29	29	69
	30	22	6	6	30	22
	54	21	78	78	54	78
	14	46	46	46	53	46
	70	45	5	5	5	70
	13	21	30	69	69	69
	77	77	77	77	53	77
	14	22	6	22	6	22
	78	45	29	29	54	45
	13	21	30	30	30	21
	53	46	14	70	70	70
	54	5	5	69	5	5
	78	78	6	78	6	6
	13	45	13	13	53	22
	14	46	29	29	29	21
	77	77	77	69	54	77
	30	22	30	30	30	22
	53	45	70	70	53	45
	14	14	14	46	5	46
	54	21	21	69	6	21
	13	13	13	78	78	78
	29	29	29	29	5	45
	54	22	69	69	69	22
	53	70	70	70	6	46
	77	77	30	77	30	45
	14	14	14	78	5	21
	54	13	54	54	54	46
	53	6	53	53	6	6
	13	22	22	29	29	22
	78	78	69	45	5	45
	70	21	70	30	30	21
	46	77	46	46	46	46
	14	14	69	14	5	5
	13	13	13	13	13	6
	53	77	53	29	29	45
	54	78	54	54	30	22
	70	70	70	21	70	21
	69	69	69	69	69	6
	14	77	45	77	5	45
	78	78	30	78	30	22
	46	13	29	29	29	46
	53	53	53	53	6	21
	54	14	14	14	5	5
	22	77	70	22	45	22
	13	13	69	13	6	21
	46	78	30	30	30	46
	54	54	54	54	29	54
	70	77	70	70	45	45
	69	69	69	69	5	21
	14	6	53	14	6	6
	22	78	46	22	78	22
	13	77	29	29	29	21
	53	53	30	30	5	5
	45	14	45	45	45	45
	70	70	70	70	70	46
	54	13	54	13	13	54
	69	77	69	21	77	21
	22	78	46	22	6	6
	14	14	53	14	14	30
	29	5	46	5	5	5
	21	78	69	21	78	53
	45	29	45	45	29	29
	22	77	70	22	30	54
	46	13	46	13	13	13
	69	6	69	69	6	6
	21	53	70	53	14	53
	30	77	30	54	77	54
	22	78	45	22	78	78
	29	5	46	5	5	29
	70	14	70	70	14	70
	21	21	21	21	21	21
	69	13	69	13	13	69
	30	6	45	45	6	30
	77	77	46	46	54	54
	22	53	22	22	53	53
	29	78	29	29	29	29
	14	5	14	14	5	14
	70	6	45	70	6	70
	30	13	30	30	13	30
	78	69	46	69	69	69
	77	77	21	21	54	77
	22	22	45	22	53	53
	78	5	46	46	5	78
	14	6	29	14	54	54
	13	13	45	13	13	70
	21	21	21	21	21	30
	77	6	29	69	53	53
	78	5	46	22	22	70
	14	45	45	45	14	54
	30	30	30	30	69	30
	77	6	29	29	70	77
	78	5	46	46	13	78
	54	22	22	69	54	54
	53	6	21	70	53	53
	14	14	14	14	14	14
	13	5	29	29	13	29
	77	45	45	45	69	69
	78	21	21	78	21	70
	6	46	46	46	22	46
	5	30	30	30	30	30
	77	77	70	77	54	77
	13	22	13	53	53	53
	6	6	29	29	69	69
	5	45	45	78	14	45
	54	21	21	70	54	70
	22	22	22	46	22	46
	78	5	14	78	14	14
	13	13	13	29	13	13
	53	77	30	30	69	69
	6	6	21	45	21	70
	5	5	29	54	54	46
	53	77	22	77	53	45
	78	78	14	78	78	70
	30	30	30	30	30	69
	6	46	29	29	29	46
	5	21	21	54	21	21
	13	22	22	45	22	45
	14	70	14	77	14	70
	53	69	53	53	69	69
	6	6	6	54	6	6
	5	46	46	78	5	5
	13	77	13	77	29	13
	45	45	30	30	30	45
	14	70	22	54	22	70
	78	78	21	78	21	21
	69	69	29	53	29	69
	46	77	46	54	46	46
	5	70	5	53	5	5
	14	14	14	14	6	6
	13	22	22	13	22	22
	45	77	30	30	30	45
	70	78	29	54	29	21
	69	69	69	53	6	69
	13	77	21	54	77	46
	70	78	70	70	78	70
	14	14	5	53	5	45
	6	22	6	29	29	6
	13	13	21	54	30	46
	45	77	45	53	45	45
	14	78	22	69	22	22
	5	54	21	54	30	46
	13	77	70	53	29	70
	14	78	69	69	69	6
	5	30	21	21	30	46
	13	77	29	53	29	22
	14	78	6	54	6	45
	70	70	70	70	70	46
	5	77	5	53	5	5
	13	13	13	22	30	22
	14	78	69	21	69	21
	45	54	45	54	29	45
	46	77	6	46	46	46
	14	53	14	53	30	30
	29	78	22	22	78	22
	69	77	69	21	69	21
	6	70	6	70	6	70
	5	13	5	54	13	45
	29	29	14	53	29	29
	30	30	77	54	30	30
	46	78	46	46	46	46
	21	21	21	21	14	21
	22	45	45	22	69	45
	70	77	5	53	13	77
	6	78	6	54	6	78
	14	14	14	14	14	69
	70	29	5	53	13	70
	22	30	30	22	54	22
	69	69	69	45	69	45
	46	46	46	46	13	46
	77	77	77	53	5	77
	21	29	29	21	54	29
	78	78	78	70	6	78
	30	30	30	30	13	30
	22	45	5	53	5	22
	70	14	6	54	14	14
	21	69	69	21	69	69
	29	13	29	45	13	13
	77	77	77	53	53	70
	46	46	46	46	54	46
	22	22	6	22	6	78
	21	45	5	45	5	45
	30	30	30	70	70	70
	29	14	29	54	14	14
	78	13	78	78	13	78
	21	21	69	53	53	69
	77	77	77	77	6	77
	22	22	5	54	54	22
	29	46	46	46	13	46
	30	45	45	45	14	30
	70	21	6	70	70	70
	69	29	5	69	69	69
	53	13	78	53	53	78
	22	22	6	54	14	14
	21	21	5	30	21	21
	29	29	29	29	29	29
	77	13	77	77	13	77
	54	45	45	45	45	70
	78	46	46	46	46	30
	6	6	6	6	14	6
	5	22	5	5	69	69
	53	30	53	53	53	70
	54	21	78	78	54	13
	22	14	29	77	14	14
	21	30	30	30	70	70
	13	45	45	45	13	69
	5	46	46	46	46	5
	22	22	29	77	22	22
	6	78	54	78	21	6
	53	69	53	77	69	69
	14	70	29	29	14	70
	13	30	30	45	13	13
	54	54	54	5	21	5
	77	77	77	77	22	6
	78	78	78	78	46	46
	53	45	53	45	21	70
	14	29	29	6	14	69
	5	30	30	5	30	5
	13	22	54	46	22	13
	21	70	70	6	21	70
	45	69	45	45	69	69
	14	77	53	14	77	53
	46	78	29	46	29	46
	6	54	54	6	22	6
	13	30	30	5	30	5
	21	70	70	21	21	70
	78	78	78	78	78	53
	14	77	69	45	22	69
	13	29	29	13	29	54
	46	77	53	46	46	46
	5	30	30	5	22	5
	6	54	54	6	21	6
	14	70	14	45	14	45
	53	53	53	53	69	69
	13	77	13	13	22	13
	21	78	70	70	21	70
	5	54	29	54	29	54
	46	30	30	46	30	46
	45	77	6	45	45	45
	14	78	69	14	22	69
	5	53	5	5	21	5
	6	77	6	6	6	6
	13	78	29	13	29	70
	14	54	30	22	22	54
	46	53	69	21	21	46
	45	77	70	70	45	70
	14	78	30	69	30	30
	13	53	13	13	29	29
	5	77	5	22	22	54
	46	78	6	21	21	46
	14	69	69	69	53	69
	45	45	70	70	45	45
	6	77	6	54	54	54
	14	78	29	53	29	29
	5	5	30	22	30	30
	13	46	21	21	21	46
	14	77	70	53	70	77
	13	78	69	22	22	78
	6	6	6	6	6	45
	5	5	5	54	54	29
	14	46	46	53	53	30
	13	69	69	69	69	45
	21	77	70	70	70	77
	22	78	22	22	22	29
	14	45	14	14	14	30
	13	54	13	54	54	13
	21	46	46	53	53	46
	5	78	5	29	5	29
	6	6	6	45	6	30
	77	77	77	70	70	77
	21	21	69	69	69	69
	22	22	78	22	53	78
	13	45	45	45	13	30
	14	14	14	54	14	14
	29	29	46	29	70	29
	5	5	5	53	5	30
	21	21	21	21	54	46
	78	6	6	78	6	13
	22	77	77	77	69	69
	70	45	70	53	70	70
	54	30	30	30	54	30
	22	46	46	46	13	46
	53	29	78	45	14	29
	21	5	5	69	5	69
	22	6	77	77	13	13
	54	45	78	45	14	14
	53	21	53	53	53	29
	70	6	70	30	70	70
	22	22	78	46	69	69
	54	21	77	54	13	29
	21	5	5	45	14	30
	78	6	6	46	6	46
	22	29	77	45	13	29
	53	30	69	30	69	69
	54	14	78	78	14	14
	21	21	70	45	70	70
	22	5	5	46	13	13
	77	6	77	77	77	29
	53	30	53	53	53	30
	54	54	54	54	54	54
	22	45	45	45	45	45
	21	46	78	46	69	69
	14	29	6	29	14	29
	70	5	5	13	13	70
	22	30	78	30	30	30
	21	21	77	46	21	21
	69	6	6	53	14	6
	22	13	78	45	22	13
	54	29	77	46	70	70
	69	69	5	69	69	5
	53	53	53	53	14	53
	54	54	45	45	78	30
	21	29	46	46	29	29
	22	13	77	13	13	13
	6	14	6	14	14	70
	5	30	78	30	78	5
	21	54	77	45	21	54
	22	69	69	46	22	69
	70	70	70	70	70	70
	53	53	29	53	29	53
	6	77	77	45	77	6
	5	78	78	46	30	30
	14	14	14	14	14	14
	13	13	13	13	13	13
	21	54	54	54	21	54
	22	69	45	45	22	22
	5	29	29	46	29	29
	6	78	78	6	30	30
	70	77	77	70	77	53
	69	69	69	69	69	69
	5	54	46	46	21	21
	45	53	45	45	22	53
	6	14	14	14	14	14
	30	78	13	13	30	30
	5	70	70	70	70	70
	29	54	29	54	29	54
	6	77	46	46	22	22
	21	78	78	21	21	21
	5	53	45	53	53	53
	69	77	13	69	69	69
	6	30	30	30	30	30
	5	14	14	46	22	14
	29	54	45	45	29	54
	13	78	13	13	70	78
	6	77	6	46	77	77
	5	21	21	21	21	21
	70	22	53	53	53	53
	29	69	69	54	54	54
