	53	53	53	53	53	53
	54	54	54	54	54	54
	55	53	53	53	53	53
	54	54	54	54	54	54
	48	48	49	49	49	49
	50	50	50	50	50	50
	51	51	51	51	51	51
	52	52	52	52	52
	53	53	53	53
	54	54	54	54	54	54
	49	49	48	48	48	48
	50	50	50	50	50	50
	51	51	51	51	51	51
	52	52	52	52	52	52
	54	54	54	54	54	54
	53	53	53	53	53	53
	50	50	50	50	50	50
	52	52	52	52	52	52
	51	51	51	51	51
	54	54	54	54	54	54
	53	53	53	53	53	53
	50	50	50	50	50	50
	52	52	52	52	52	52
	48	48	49	49	51	51
	54	54	54	54	54	54
	51	51	51	51	51	51
	50	50	50	50	50	50
	53	53	53	53	53	53
	52	52	52	52	52	52
	51	51	51	51	51
	50	50	50	50	50	50
	54	54	54	54	54	54
	52	52	52	52	52	52
	53	53	53	53	53	53
	50	50	50	50	50	50
	51	51	51	51	51	51
	52	52	52	52	52	52
	54	54	54	54	54	54
	50	50	50	50	50	50
	51	51	51	51	51	51
	55	53	53	53	53	53
	48	48	49	49	54	54
	54	54	54	54	54	54
	53	53	53	53	53	53
	52	52	52	52	52	52
	54	54	54	54	54	54
	50	50	50	50	50	50
	51	51	51	51	51	51
	53	53	53	53	53	53
	54	54	54	54	54	54
	52	52	52	52	52	52
	50	50	50	50	50	50
	51	51	51	51	51	51
	53	53	53	53	53	53
	54	54	54	54	54	54
	52	52	52	52	52	52
	50	50	50	50	50	50
	51	51	51	51	51	51
	53	53	53	53	53	53
	52	52	52	52	52	52
	54	54	54	54	54	54
	48	48	49	49	49	49
	50	50	50	50	50
	51	51	51	51	51	51
	52	52	52	52	52	52
	53	53	53	53	53	53
	54	54	54	54	54	54
	51	51	51	51	51	51
	49	49	50	50	50	50
	48	48	52	52	52	52
	50	50	50	50	50	50
	51	51	51	51	51	51
	53	53	53	53	53	53
	52	52	52	52	52	52
	49	49	54	54	54	54
	48	48	50	50	50	50
	51	51	51	51	51	51
	52	52	52	52	52	52
	50	50	50	50	50	50
	54	54	54	54	54	54
	55	53	53	53	53	53
	54	54	54	54	54	54
	53	53	53	53	53
	49	49	48	48	54	54
	54	54	54	54	54	54
	51	51	51	51	51	51
	52	52	52	52	52	52
	50	50	50	50	50	50
	49	49	48	48	53	53
	54	54	54	54	54	54
	51	51	51	51	51	51
	53	53	53	53	53	53
	49	49	48	48	52	52
	50	50	50	50	50	54
	52	52	52	51	51	54
	53	53	53	53	53	53
	54	54	54	54	54	54
	53	53	53	53	53	53
	54	54	54	54	54	54
	53	53	53	53	53	53
	54	54	54	54	54	54
	53	53	53	53	53	53
	54	54	54	54	54	54
	53	53	53	53	53	53
	54	54	54	54	54	54
	53	53	53	53	53	53
	54	54	54	54	54	54
	53	53	53	53	53	53
	54	54	54	54	54	54
	53	53	53	53	53	53
	54	54	54	54	54	54
	53	53	53	53	53	53
	54	54	54	54	54	54
	53	53	53	53	53	53
	54	54	54	54	54	54
	53	53	53	53	53	53
	54	54	54	54	54	54
	53	53	53	53	53	53
	54	54	54	54	54	54
	53	53	53	53	53	53
	54	54	54	54	54	54
	53	53	53	53	53	53
	54	54	54	54	54	54
	53	53	53	53	53	53
	54	54	54	54	54	54
	53	53	53	53	53
	54	54	54	54	54
	53	53	53	53	53	53
	54	54	54	54	54	54
	53	53	53	53	53	53
	54	54	54	54	54	54
	53	53	53	53	53	53
	54	54	54	54	54	54
	53	53	53	53	53	53
	54	54	54	54	54	54
	53	53	53	53	53	53
	54	54	54	54	54	54
	53	53	53	53	53	53
	54	54	54	54	54
	53	53	53	53	53	53
	53	53	53	53	53	53
	54	54	54	54	54	54
	53	53	53	53	53	53
	54	54	54	54	54	54
	53	53	53	53	53	53
	54	54	54	54	54	54
	53	53	53	53	53	53
	54	54	54	54	54	54
	53	53	53	53	53	53
	54	54	54	54	54	54
	53	53	53	53	53	53
	54	54	54	54	54	54
	53	53	53	53	53	53
	54	54	54	54	54	54
	53	53	53	53	53	53
	54	54	54	54	54	54
	53	53	53	53	53	53
	54	54	54	54	54	54
	53	53	53	53	53	53
	54	54	54	54	54	54
	53	53	53	53	53	53
	54	54	54	54	54	54
	53	53	53	53	53	53
	54	54	54	54	54	54
	53	53	53	53	53	53
	54	54	54	54	54	54
	53	53	53	53	53	53
	54	54	54	54	54	54
	53	53	53	53	53	53
	54	54	54	54	54	54
	53	53	53	53	53	53
	54	54	54	54	54	54
	53	53	53	53	53	53
	54	54	54	54	54	54
	53	53	53	53	53	53
	54	54	54	54	54	54
	53	53	53	53	53	53
	54	54	54	54	54	54
	53	53	53	53	53	53
	54	54	54	54	54	54
	53	53	53	53	53	53
	54	54	54	54	54	54
	53	53	53	53	53	53
	54	54	54	54	54	54
	53	53	53	53	53	53
	54	54	54	54	54	54
	53	53	53	53	53	53
	54	54	54	54	54	54
	53	53	53	53	53	53
	54	54	54	54	54	54
	53	53	53	53	53
	54	54	54	54	54
	53	53	53	53	53	53
	54	54	54	54	54	54
	53	53	53	53	53	53
	54	54	54	54	54	54
	53	53	53	53	53	53
	54	54	54	54	54	54
	53	53	53	53	53	53
	54	54	54	54	54
	53	53	53	53	53	53
	54	54	54	54	54	54
	53	53	53	53	53	53
	54	54	54	54	54	54
	53	53	53	53	53	53
	54	54	54	54	54
	53	53	53	53	53	53
	54	54	54	54	54	54
	53	53	53	53	53	53
	54	54	54	54	54	54
	53	53	53	53	53	53
	54	54	54	54	54	54
	53	53	53	53	53	53
	54	54	54	54	54	54
	53	53	53	53	53	53
	54	54	54	54	54	54
	53	53	53	53	53	53
	54	54	54	54	54	54
	53	53	53	53	53	53
	54	54	54	54	54	54
	53	53	53	53	53	53
	54	54	54	54	54	54
	53	53	53	53	53	53
	54	54	54	54	54	54
	53	53	53	53	53	53
	54	54	54	54	54	54
	53	53	53	53	53	53
	54	54	54	54	54	54
	53	53	53	53	53	53
	54	54	54	54	54
	53	53	53	53	53	53
	53	53	53	53	53	53
	54	54	54	54	54	54
	53	53	53	53	53	53
	54	54	54	54	54	54
	53	53	53	53	53	53
	54	54	54	54	54	54
	53	53	53	53	53	53
	54	54	54	54	54	54
	53	53	53	53	53	53
	54	54	54	54	54	54
	53	53	53	53	53	53
	54	54	54	54	54	54
	53	53	53	53	53	53
	54	54	54	54	54	54
	53	53	53	53	53	53
	54	54	54	54	54
	53	53	53	53	53	53
	54	54	54	54	54	54
	53	53	53	53	53	53
	54	54	54	54	54	54
	53	53	53	53	53	53
	54	54	54	54	54	54
	53	53	53	53	53	53
	54	54	54	54	54	54
	53	53	53	53	53	53
	54	54	54	54	54	54
	53	53	53	53	53
	54	54	54	54	54
	53	53	53	53	53	53
	54	54	54	54	54	54
	53	53	53	53	53	53
	54	54	54	54	54	54
	53	53	53	53	53	53
	54	54	54	54	54	54
	53	53	53	53	53	53
	54	54	54	54	54	54
	53	53	53	53	53	53
	54	54	54	54	54	54
	53	53	53	53	53	53
	54	54	54	54	54	54
	53	53	53	53	53	53
	54	54	54	54	54	54
	53	53	53	53	53	53
	54	54	54	54	54	54
	53	53	53	53	53	53
	54	54	54	54	54	54
	53	53	53	53	53	53
	54	54	54	54	54	54
	53	53	53	53	53	53
	54	54	54	54	54	54
	53	53	53	53	53	53
	54	54	54	54	54	54
	53	53	53	53	53	53
	54	54	54	54	54	54
	53	53	53	53	53	53
	54	54	54	54	54	54
	53	53	53	53	53	53
	54	54	54	54	54	54
	53	53	53	53	53	53
	54	54	54	54	54	54
	53	53	53	53	53	53
	54	54	54	54	54	54
	53	53	53	53	53	53
	54	54	54	54	54	54
	53	53	53	53	53	53
	54	54	54	54	54	54
	53	53	53	53	53	53
	54	54	54	54	54	54
	53	53	53	53	53	53
	54	54	54	54	54	54
	53	53	53	53	53	53
	54	54	54	54	54	54
	53	53	53	53	53	53
	54	54	54	54	54	54
	53	53	53	53	53	53
	54	54	54	54	54	54
	53	53	53	53	53	53
	54	54	54	54	54	54
	53	53	53	53	53	53
	54	54	54	54	54	54
	53	53	53	53	53	53
	54	54	54	54	54	54
	53	53	53	53	53	53
	54	54	54	54	54	54
	53	53	53	53	53	53
	54	54	54	54	54	54
	53	53	53	53	53	53
	54	54	54	54	54	54
	53	53	53	53	53	53
	54	54	54	54	54	54
	53	53	53	53	53	53
	54	54	54	54	54
	53	53	53	53	53	53
	53	53	53	53	53	53
	54	54	54	54	54	54
	53	53	53	53	53	53
	54	54	54	54	54	54
	53	53	53	53	53	53
	54	54	54	54	54	54
	53	53	53	53	53	53
	54	54	54	54	54	54
	53	53	53	53	53	53
	54	54	54	54	54	54
	53	53	53	53	53
	54	54	54	54	54	54
	53	53	53	53	53	53
	54	54	54	54	54	54
	53	53	53	53	53	53
	54	54	54	54	54	54
	53	53	53	53	53	53
	54	54	54	54	54	54
	53	53	53	53	53	53
	54	54	54	54	54	54
	53	53	53	53	53	53
	54	54	54	54	54	54
	53	53	53	53	53	53
	54	54	54	54	54	54
	53	53	53	53	53	53
	54	54	54	54	54
	53	53	53	53	53	53
	54	54	54	54	54
	53	53	53	53	53	53
	54	54	54	54	54	54
	53	53	53	53	53	53
	54	54	54	54	54	54
	53	53	53	53	53	53
	54	54	54	54	54	54
	53	53	53	53	53	53
	54	54	54	54	54	54
	53	53	53	53	53	53
	54	54	54	54	54
	53	53	53	53	53
	54	54	54	54	54	54
	53	53	53	53	53	53
	54	54	54	54	54	54
	53	53	53	53	53	53
	54	54	54	54	54	54
	53	53	53	53	53	53
	54	54	54	54	54	54
	53	53	53	53	53	53
	54	54	54	54	54	54
	53	53	53	53	53	53
	54	54	54	54	54	54
	53	53	53	53	53
	54	54	54	54	54
	53	53	53	53	53	53
	54	54	54	54	54	54
	53	53	53	53	53	53
	54	54	54	54	54	54
	53	53	53	53	53	53
	54	54	54	54	54	54
	53	53	53	53	53	53
	54	54	54	54	54	54
	53	53	53	53	53	53
	54	54	54	54	54	54
	53	53	53	53	53	53
	54	54	54	54	54	54
	53	53	53	53	53	53
	54	54	54	54	54	54
	53	53	53	53	53	53
	54	54	54	54	54	54
	53	53	53	53	53	53
	54	54	54	54	54	54
	53	53	53	53	53	53
	54	54	54	54	54	54
	53	53	53	53	53	53
	54	54	54	54	54	54
	53	53	53	53	53	53
	54	54	54	54	54	54
	53	53	53	53	53	53
	54	54	54	54	54	54
	53	53	53	53	53	53
	54	54	54	54	54	54
	53	53	53	53	53	53
	54	54	54	54	54	54
	53	53	53	53	53	53
	54	54	54	54	54	54
	53	53	53	53	53	53
	54	54	54	54	54	54
	53	53	53	53	53	53
	54	54	54	54	54	54
	53	53	53	53	53	53
	54	54	54	54	54	54
	53	53	53	53	53	53
	54	54	54	54	54	54
	53	53	53	53	53	53
	54	54	54	54	54	54
	53	53	53	53	53	53
	54	54	54	54	54	54
	53	53	53	53	53	53
	54	54	54	54	54	54
	53	53	53	53	53	53
	54	54	54	54	54	54
	53	53	53	53	53	53
	54	54	54	54	54	54
	53	53	53	53	53	53
	54	54	54	54	54	54
	53	53	53	53	53	53
	54	54	54	54	54	54
	53	53	53	53	53	53
	54	54	54	54	54	54
	53	53	53	53	53	53
	54	54	54	54	54	54
	53	53	53	53	53	53
	54	54	54	54	54	54
	53	53	53	53	53	53
	54	54	54	54	54	54
	53	53	53	53	53
	54	54	54	54	54	54
	53	53	53	53	53	53
	54	54	54	54	54	54
	53	53	53	53	53	53
	54	54	54	54	54	54
	53	53	53	53	53	53
	54	54	54	54	54	54
	53	53	53	53	53	53
	54	54	54	54	54	54
	53	53	53	53	53	53
	54	54	54	54	54	54
	53	53	53	53	53	53
	54	54	54	54	54	54
	53	53	53	53	53	53
	54	54	54	54	54	54
	53	53	53	53	53
	54	54	54	54	54	54
	53	53	53	53	53
	54	54	54	54	54	54
	53	53	53	53	53	53
	54	54	54	54	54	54
	53	53	53	53	53	53
	54	54	54	54	54	54
	53	53	53	53	53	53
	54	54	54	54	54	54
	53	53	53	53	53	53
	54	54	54	54	54	54
	53	53	53	53	53	53
	54	54	54	54	54	54
	53	53	53	53	53
	54	54	54	54	54	54
	54	54	54	54	54	54
	53	53	53	53	53	53
	54	54	54	54	54	54
	53	53	53	53	53	53
	54	54	54	54	54	54
	53	53	53	53	53	53
	54	54	54	54	54	54
	53	53	53	53	53	53
	54	54	54	54	54	54
	53	53	53	53	53	53
	54	54	54	54	54	54
	53	53	53	53	53	53
	54	54	54	54	54	54
	53	53	53	53	53	53
	54	54	54	54	54	54
	53	53	53	53	53	53
	54	54	54	54	54	54
	53	53	53	53	53	53
	54	54	54	54	54	54
	53	53	53	53	53	53
	54	54	54	54	54	54
	53	53	53	53	53	53
	54	54	54	54	54
	53	53	53	53	53	53
	53	53	53	53	53	53
	54	54	54	54	54	54
	53	53	53	53	53	53
	54	54	54	54	54	54
	53	53	53	53	53	53
	54	54	54	54	54	54
	53	53	53	53	53	53
	54	54	54	54	54	54
	53	53	53	53	53	53
	54	54	54	54	54	54
	53	53	53	53	53	53
	54	54	54	54	54	54
	53	53	53	53	53	53
	54	54	54	54	54	54
	53	53	53	53	53	53
	54	54	54	54	54	54
	53	53	53	53	53	53
	54	54	54	54	54	54
	53	53	53	53	53	53
	54	54	54	54	54	54
	53	53	53	53	53	53
	54	54	54	54	54	54
	53	53	53	53	53	53
	54	54	54	54	54
	53	53	53	53	53	53
	53	53	53	53	53	53
	54	54	54	54	54	54
	53	53	53	53	53	53
	54	54	54	54	54	54
	53	53	53	53	53	53
	54	54	54	54	54	54
	53	53	53	53	53	53
	54	54	54	54	54	54
	53	53	53	53	53	53
	54	54	54	54	54	54
	53	53	53	53	53	53
	54	54	54	54	54	54
	53	53	53	53	53	53
	54	54	54	54	54	54
	53	53	53	53	53	53
	54	54	54	54	54	54
	53	53	53	53	53	53
	54	54	54	54	54	54
	53	53	53	53	53	53
	54	54	54	54	54	54
	53	53	53	53	53	53
	54	54	54	54	54
	53	53	53	53	53	53
	54	54	54	54	54	54
	53	53	53	53	53	53
	54	54	54	54	54	54
	53	53	53	53	53	53
	54	54	54	54	54	54
	53	53	53	53	53	53
	54	54	54	54	54	54
	53	53	53	53	53	53
	54	54	54	54	54	54
	53	53	53	53	53	53
	54	54	54	54	54	54
	53	53	53	53	53	53
	54	54	54	54	54	54
	53	53	53	53	53	53
	54	54	54	54	54	54
	53	53	53	53	53	53
	54	54	54	54	54	54
	53	53	53	53	53	53
	54	54	54	54	54	54
	53	53	53	53	53	53
	54	54	54	54	54	54
	53	53	53	53	53	53
	54	54	54	54	54	54
	53	53	53	53	53	53
	54	54	54	54	54	54
	53	53	53	53	53	53
	54	54	54	54	54	54
	53	53	53	53	53	53
	54	54	54	54	54
	53	53	53	53	53
	54	54	54	54	54
	53	53	53	53	53
	54	54	54	54	54
	53	53	53	53
	54	54	54	54	54	54
	53	53	53	53	53	53
	54	54	54	54	54	54
	53	53	53	53	53	53
	54	54	54	54	54	54
	53	53	53	53	53	53
	54	54	54	54	54	54
	53	53	53	53	53	53
	54	54	54	54	54	54
	53	53	53	53	53	53
	54	54	54	54	54	54
	53	53	53	53	53	53
	54	54	54	54	54	54
	53	53	53	53	53	53
	54	54	54	54	54	54
	53	53	53	53	53	53
	54	54	54	54	54	54
	53	53	53	53	53
	54	54	54	54	54
	53	53	53	53	53	53
	54	54	54	54	54	54
	53	53	53	53	53	53
	54	54	54	54	54	54
	53	53	53	53	53	53
	54	54	54	54	54	54
	53	53	53	53	53	53
	54	54	54	54	54	54
	53	53	53	53	53	53
	54	54	54	54	54	54
	53	53	53	53	53	53
	54	54	54	54	54	54
	53	53	53	53	53	53
	54	54	54	54	54	54
	53	53	53	53	53	53
	54	54	54	54	54	54
	53	53	53	53	53	53
	54	54	54	54	54	54
	53	53	53	53	53
	54	54	54	54	54
	53	53	53	53	53	53
	54	54	54	54	54	54
	53	53	53	53	53	53
	54	54	54	54	54	54
	53	53	53	53	53	53
	54	54	54	54	54	54
	53	53	53	53	53	53
	54	54	54	54	54	54
	53	53	53	53	53	53
	54	54	54	54	54	54
	53	53	53	53	53	53
	54	54	54	54	54	54
	53	53	53	53	53	53
	54	54	54	54	54	54
	53	53	53	53	53	53
	54	54	54	54	54	54
	53	53	53	53	53	53
	54	54	54	54	54	54
	53	53	53	53	53	53
	54	54	54	54	54	54
	53	53	53	53	53	53
	54	54	54	54	54	54
	53	53	53	53	53	53
	54	54	54	54	54	54
	53	53	53	53	53	53
	54	54	54	54	54	54
	53	53	53	53	53	53
	54	54	54	54	54	54
	53	53	53	53	53	53
	54	54	54	54	54	54
	53	53	53	53	53	53
	54	54	54	54	54	54
	53	53	53	53	53
	54	54	54	54	54
	53	53	53	53	53	53
	54	54	54	54	54	54
	53	53	53	53	53	53
	54	54	54	54	54
	53	53	53	53	53	53
	54	54	54	54	54	54
	53	53	53	53	53	53
	54	54	54	54	54	54
	53	53	53	53	53	53
	54	54	54	54	54	54
	53	53	53	53	53	53
	54	54	54	54	54	54
	53	53	53	53	53	53
	54	54	54	54	54	54
	53	53	53	53	53	53
	54	54	54	54	54	54
	53	53	53	53	53	53
	54	54	54	54	54	54
	53	53	53	53	53
	54	54	54	54	54
	53	53	53	53	53	53
	54	54	54	54	54	54
	53	53	53	53	53	53
	54	54	54	54	54	54
	53	53	53	53	53	53
	54	54	54	54	54	54
	53	53	53	53	53	53
	54	54	54	54	54	54
	53	53	53	53	53	53
	54	54	54	54	54	54
	53	53	53	53	53	53
	54	54	54	54	54
	53	53	53	53	53	53
	54	54	54	54	54	54
	53	53	53	53	53	53
	54	54	54	54	54	54
	53	53	53	53	53	53
	54	54	54	54	54	54
	53	53	53	53	53	53
	54	54	54	54	54	54
	53	53	53	53	53	53
	54	54	54	54	54	54
	53	53	53	53	53	53
	54	54	54	54	54	54
	53	53	53	53	53	53
	54	54	54	54	54	54
	53	53	53	53	53	53
	54	54	54	54	54	54
	53	53	53	53	53	53
	54	54	54	54	54	54
	53	53	53	53	53	53
	54	54	54	54	54	54
	53	53	53	53	53	53
	54	54	54	54	54	54
	53	53	53	53	53	53
	54	54	54	54	54	54
	53	53	53	53	53	53
	54	54	54	54	54	54
	53	53	53	53	53	53
	54	54	54	54	54	54
	53	53	53	53	53	53
	54	54	54	54	54	54
	53	53	53	53	53	53
	54	54	54	54	54	54
	53	53	53	53	53	53
	54	54	54	54	54	54
	53	53	53	53	53	53
	54	54	54	54	54	54
	53	53	53	53	53	53
	54	54	54	54	54	54
	53	53	53	53	53	53
	54	54	54	54	54	54
	53	53	53	53	53	53
	54	54	54	54	54	54
	53	53	53	53	53	53
	54	54	54	54	54	54
	53	53	53	53	53	53
	54	54	54	54	54	54
	53	53	53	53	53	53
	54	54	54	54	54	54
	53	53	53	53	53	53
	54	54	54	54	54	54
	53	53	53	53	53	53
	54	54	54	54	54	54
	53	53	53	53	53	53
	54	54	54	54	54	54
	53	53	53	53	53
	54	54	54	54	54	54
	54	54	54	54	54	54
	53	53	53	53	53	53
	54	54	54	54	54	54
	53	53	53	53	53	53
	54	54	54	54	54	54
	53	53	53	53	53	53
	54	54	54	54	54	54
	53	53	53	53	53
	54	54	54	54	54	54
	53	53	53	53	53	53
	54	54	54	54	54	54
	53	53	53	53	53
	54	54	54	54	54
	53	53	53	53	53	53
	54	54	54	54	54	54
	53	53	53	53	53	53
	54	54	54	54	54	54
	53	53	53	53	53	53
	54	54	54	54	54	54
	53	53	53	53	53	53
	54	54	54	54	54	54
	53	53	53	53	53	53
	54	54	54	54	54	54
	53	53	53	53	53	53
	54	54	54	54	54	54
	53	53	53	53	53	53
	54	54	54	54	54	54
	53	53	53	53	53
	54	54	54	54	54	54
	53	53	53	53	53	53
	54	54	54	54	54	54
	53	53	53	53	53	53
	54	54	54	54	54	54
	53	53	53	53	53	53
	54	54	54	54	54	54
	53	53	53	53	53	53
	54	54	54	54	54
	53	53	53	53	53	53
	54	54	54	54	54	54
	53	53	53	53	53	53
	54	54	54	54	54	54
	53	53	53	53	53	53
	54	54	54	54	54	54
	53	53	53	53	53	53
	54	54	54	54	54	54
	53	53	53	53	53	53
	54	54	54	54	54	54
	53	53	53	53	53	53
	54	54	54	54	54	54
	53	53	53	53	53	53
	54	54	54	54	54	54
	53	53	53	53	53	53
	54	54	54	54	54	54
	53	53	53	53	53	53
	54	54	54	54	54	54
	53	53	53	53	53	53
	54	54	54	54	54	54
	53	53	53	53	53	53
	54	54	54	54	54	54
	53	53	53	53	53	53
	54	54	54	54	54	54
	53	53	53	53	53	53
	54	54	54	54	54	54
	53	53	53	53	53	53
	54	54	54	54	54	54
	53	53	53	53	53
	54	54	54	54	54
	53	53	53	53	53	53
	54	54	54	54	54	54
	53	53	53	53	53	53
	54	54	54	54	54	54
	53	53	53	53	53	53
	54	54	54	54	54	54
	53	53	53	53	53	53
	54	54	54	54	54	54
	53	53	53	53	53	53
	54	54	54	54	54	54
	53	53	53	53	53	53
	54	54	54	54	54	54
	53	53	53	53	53	53
	54	54	54	54	54	54
	53	53	53	53	53	53
	54	54	54	54	54	54
	53	53	53	53	53	53
	54	54	54	54	54	54
	53	53	53	53	53	53
	54	54	54	54	54	54
	53	53	53	53	53	53
	54	54	54	54	54	54
	53	53	53	53	53	53
	54	54	54	54	54	54
	53	53	53	53	53	53
	54	54	54	54	54	54
	53	53	53	53	53	53
	54	54	54	54	54	54
	53	53	53	53	53	53
	54	54	54	54	54	54
	53	53	53	53	53	53
	54	54	54	54	54	54
	53	53	53	53
	54	54	54	54	54	54
	54	54	54	54	54	54
	53	53	53	53	53	53
	54	54	54	54	54	54
	53	53	53	53	53	53
	54	54	54	54	54	54
	53	53	53	53	53	53
	54	54	54	54	54	54
	53	53	53	53	53	53
	54	54	54	54	54	54
	53	53	53	53	53	53
	54	54	54	54	54	54
	53	53	53	53	53	53
	54	54	54	54	54	54
	53	53	53	53	53	53
	54	54	54	54	54	54
	53	53	53	53	53	53
	54	54	54	54	54	54
	53	53	53	53	53	53
	54	54	54	54	54
	53	53	53	53	53	53
	53	53	53	53	53	53
	54	54	54	54	54	54
	53	53	53	53	53	53
	54	54	54	54	54	54
	53	53	53	53	53	53
	54	54	54	54	54	54
	53	53	53	53	53	53
	54	54	54	54	54	54
	53	53	53	53	53	53
	54	54	54	54	54	54
	53	53	53	53	53	53
	54	54	54	54	54	54
	53	53	53	53	53	53
	54	54	54	54	54	54
	53	53	53	53	53	53
	54	54	54	54	54	54
	53	53	53	53	53	53
	54	54	54	54	54	54
	53	53	53	53	53	53
	54	54	54	54	54	54
	53	53	53	53	53	53
	54	54	54	54	54	54
	53	53	53	53	53	53
	54	54	54	54	54	54
	53	53	53	53	53	53
	54	54	54	54	54	54
	53	53	53	53	53	53
	54	54	54	54	54
	53	53	53	53	53	53
	54	54	54	54	54	54
	53	53	53	53	53	53
	54	54	54	54	54	54
	53	53	53	53	53	53
	54	54	54	54	54	54
	53	53	53	53	53	53
	54	54	54	54	54	54
	53	53	53	53	53	53
	54	54	54	54	54	54
	53	53	53	53	53	53
	54	54	54	54	54	54
	53	53	53	53	53	53
	54	54	54	54	54
	53	53	53	53	53	53
	53	53	53	53	53	53
	54	54	54	54	54	54
	53	53	53	53	53	53
	54	54	54	54	54	54
	53	53	53	53	53	53
	54	54	54	54	54	54
	53	53	53	53	53	53
	54	54	54	54	54	54
	53	53	53	53	53	53
	54	54	54	54	54	54
	53	53	53	53	53	53
	54	54	54	54	54	54
	53	53	53	53	53	53
	54	54	54	54	54	54
	53	53	53	53	53	53
	54	54	54	54	54	54
	53	53	53	53	53	53
	54	54	54	54	54	54
	53	53	53	53	53	53
	54	54	54	54	54	54
	53	53	53	53	53	53
	54	54	54	54	54	54
	53	53	53	53	53	53
	54	54	54	54	54	54
	53	53	53	53	53	53
	54	54	54	54	54	54
	53	53	53	53	53	53
	54	54	54	54	54	54
	53	53	53	53	53	53
	54	54	54	54	54	54
	53	53	53	53	53	53
	54	54	54	54	54	54
	53	53	53	53	53	53
	54	54	54	54	54	54
	53	53	53	53	53	53
	54	54	54	54	54	54
	53	53	53	53	53	53
	54	54	54	54	54	54
	53	53	53	53	53	53
	54	54	54	54	54	54
	53	53	53	53	53	53
	54	54	54	54	54	54
	53	53	53	53	53	53
	54	54	54	54	54	54
	53	53	53	53	53	53
	54	54	54	54	54	54
	53	53	53	53	53
	54	54	54	54	54	54
	53	53	53	53	53	53
	54	54	54	54	54	54
	53	53	53	53	53	53
	54	54	54	54	54	54
	53	53	53	53	53	53
	54	54	54	54	54	54
	53	53	53	53	53	53
	54	54	54	54	54	54
	53	53	53	53	53	53
	54	54	54	54	54	54
	53	53	53	53	53	53
	54	54	54	54	54	54
	53	53	53	53	53
	54	54	54	54	54	54
	53	53	53	53	53	53
	54	54	54	54	54	54
	53	53	53	53	53	53
	54	54	54	54	54	54
	53	53	53	53	53	53
	54	54	54	54	54	54
	53	53	53	53	53	53
	54	54	54	54	54	54
	53	53	53	53	53	53
	54	54	54	54	54	54
	53	53	53	53	53	53
	54	54	54	54	54	54
	53	53	53	53	53	53
	54	54	54	54	54	54
	53	53	53	53	53	53
	54	54	54	54	54	54
	53	53	53	53	53	53
	54	54	54	54	54	54
	53	53	53	53
	54	54	54	54	54
	53	53	53	53	53	53
	54	54	54	54	54	54
	53	53	53	53	53	53
	54	54	54	54	54	54
	53	53	53	53	53	53
	54	54	54	54	54	54
	53	53	53	53	53	53
	54	54	54	54	54	54
	53	53	53	53	53
	54	54	54	54	54	54
	53	53	53	53	53	53
	54	54	54	54	54	54
	53	53	53	53	53	53
	54	54	54	54	54	54
	53	53	53	53	53	53
	54	54	54	54	54	54
	53	53	53	53	53	53
	54	54	54	54	54	54
	45	69	45	69	69	69
	46	70	46	70	70	70
	47	71	45	45	45	45
	46	64	46	46	65	66
	67	67	40	67	67	67
	68	68	41	42	68	68
	43	43	43	43	43	43
	44	44	44	44	44	44
	66	66	53	42	66	66
	69	69	54	45	69	69
	70	70	46	46	70	70
	53	67	53	42	67	67
	68	68	45	45	68	68
	54	66	54	43	66	66
	42	42	42	42	42	42
	46	69	46	46	46	69
	44	44	44	44	44	44
	43	70	43	43	43	70
	67	67	53	67	45	67
	68	68	54	68	68	68
	64	65	40	66	66	66
	41	41	45	45	45	45
	69	69	53	69	69	69
	42	42	42	42	70	42
	46	46	54	46	67	46
	43	43	43	43	66	43
	44	44	44	44	68	44
	70	70	53	70	70	53
	67	67	67	67	67	67
	66	66	54	66	66	66
	68	68	68	68	68	68
	45	53	45	45	69	45
	42	42	42	42	42	42
	43	54	43	43	67	43
	44	66	44	44	66	44
	46	53	46	46	46	46
	69	69	69	69	69	69
	67	67	67	67	67	67
	70	54	70	70	70	70
	68	68	68	68	68	68
	71	47	47	65	64	40
	41	53	41	45	53	53
	46	54	54	69	54	54
	45	53	45	45	45	45
	40	66	66	66	66	66
	42	42	70	70	70	70
	43	43	69	69	69	69
	44	44	67	67	44	44
	46	53	53	46	46	46
	41	54	54	68	68	54
	42	42	42	42	42	66
	45	45	45	45	45	70
	43	43	43	43	43	67
	41	53	44	44	69	69
	46	46	46	46	66	66
	68	54	68	68	68	68
	67	53	67	67	67	67
	70	42	70	70	70	70
	44	44	44	44	69	69
	45	54	45	66	66	66
	65	64	64	43	53	43
	40	40	42	42	68	42
	46	54	46	46	54	67
	41	53	41	43	53	69
	44	44	44	44	68	68
	66	45	45	66	66	66
	42	42	42	42	67	67
	43	43	43	43	70	70
	69	54	69	69	69	69
	68	53	68	68	68	68
	46	46	46	46	67	67
	44	44	44	44	66	44
	45	45	45	45	54	45
	42	42	42	42	70	42
	43	43	43	43	53	43
	66	66	66	66	66	66
	67	67	67	67	67	67
	68	68	68	68	68	68
	44	54	44	70	54	70
	69	46	69	69	69	69
	47	71	65	64	53	40
	41	41	45	45	53	45
	46	46	46	46	70	46
	54	54	54	54	54	54
	40	70	53	70	53	70
	42	42	42	42	69	42
	43	43	43	43	66	43
	44	44	44	44	67	44
	45	45	45	45	68	45
	46	69	69	69	69	69
	53	66	53	66	53	66
	67	67	54	67	54	67
	70	70	70	70	70	70
	68	68	68	68	53	46
	42	42	42	43	54	43
	44	44	44	46	66	46
	45	45	45	45	69	45
	53	43	53	53	53	69
	54	46	54	46	54	46
	70	70	70	70	70	70
	69	69	69	69	69	69
	53	45	45	45	53	45
	54	46	54	46	54	46
	53	70	53	70	53	70
	69	45	45	45	69	45
	54	46	46	46	54	46
	53	70	53	53	53	70
	69	69	69	69	69	69
	54	45	54	45	54	45
	70	70	46	46	70	46
	53	45	53	53	53	45
	69	69	54	54	54	46
	70	70	70	70	70	46
	69	45	45	45	53	45
	69	46	54	46	54	46
	69	69	53	53	53	53
	70	70	54	45	54	45
	69	46	46	46	46	46
	70	70	53	45	70	45
	69	69	54	54	69	54
	70	53	53	53	53	45
	69	69	54	46	46	46
	70	70	45	45	45	45
	69	69	54	54	54	54
	70	70	53	53	53	70
	46	69	46	69	46	46
	45	70	54	54	45	54
	69	53	53	53	53	53
	70	70	70	70	45	70
	69	69	69	69	46	69
	45	54	54	54	45	54
	46	53	53	53	46	53
	45	70	70	70	45	70
	46	54	69	54	46	54
	69	69	69	69	45	69
	46	53	53	53	46	53
	45	70	70	70	45	70
	46	54	54	54	46	54
	45	53	69	69	45	53
	70	70	70	70	46	54
	45	69	69	69	45	53
	46	46	46	46	46	54
	45	53	45	45	45	53
	70	54	70	70	70	54
	69	69	69	69	69	69
	46	53	46	46	46	53
	45	54	45	45	45	54
	70	70	70	70	70	53
	69	54	46	69	46	54
	45	53	45	53	45	53
	69	54	46	69	46	54
	70	70	70	70	70	53
	45	45	45	69	69	54
	46	46	46	46	46	53
	69	54	45	69	69	54
	70	53	45	70	70	53
	45	54	45	45	45	54
	46	53	46	46	46	53
	69	69	45	69	69	69
	70	70	46	70	70	54
	45	53	45	45	45	53
	46	54	46	46	46	54
	69	53	45	69	69	53
	70	70	46	70	70	54
	45	45	45	45	45	54
	69	69	46	69	53	53
	70	70	46	70	54	54
	46	46	46	46	53	53
	69	69	45	69	69	54
	70	70	45	70	70	54
	53	53	45	45	53	53
	54	54	46	46	54	54
	69	69	45	69	69	69
	46	70	46	70	70	70
	45	45	45	45	53	53
	54	54	46	46	54	54
	53	69	69	69	53	69
	46	70	46	70	70	70
	45	45	45	45	53	45
	54	69	54	46	54	54
	53	69	53	69	53	69
	46	46	46	46	70	46
	45	70	45	70	54	70
	53	69	53	69	53	69
	45	45	54	45	54	45
	46	70	46	46	70	70
	69	69	53	69	53	69
	54	45	54	45	54	54
	70	70	46	46	53	70
	69	69	45	45	53	69
	46	46	46	46	54	46
	70	70	53	70	53	70
	45	45	45	45	54	45
	69	69	69	69	69	69
	54	70	54	46	54	70
	53	46	53	46	53	53
	70	70	45	45	54	45
	69	69	46	46	53	46
	70	70	54	45	54	45
	69	69	53	69	53	46
	70	70	70	70	54	45
	46	46	53	46	53	46
	45	45	54	45	54	45
	69	69	69	46	69	46
	70	53	70	45	53	45
	54	54	54	46	54	46
	69	53	69	69	69	45
	70	53	70	70	70	70
	46	53	53	46	53	46
	45	54	45	45	54	45
	69	54	69	69	69	69
	70	53	70	70	53	70
	46	54	46	46	54	46
	69	53	45	45	53	45
	70	54	54	70	54	70
	69	53	69	69	53	69
	46	54	46	46	54	46
	45	53	70	70	53	45
	69	54	69	69	54	69
	70	53	70	70	53	45
	46	54	54	54	54	46
	45	53	45	69	45	45
	70	53	70	70	53	70
	69	69	69	69	46	46
	45	54	54	54	45	45
	70	53	53	53	46	46
	69	54	69	69	45	69
	70	70	70	70	46	70
	45	53	53	53	53	53
	69	54	54	54	54	54
	46	46	46	46	46	46
	45	45	45	45	45	69
	70	70	70	70	53	70
	69	69	46	69	46	69
	70	54	45	45	54	54
	70	53	46	53	53	53
	69	45	45	69	45	54
	70	46	46	46	46	54
	70	53	45	70	45	53
	69	69	46	69	46	54
	70	54	45	70	45	54
	69	53	46	69	46	53
	70	70	45	70	45	54
	69	53	46	69	46	53
	70	54	45	45	45	54
	69	53	46	69	46	53
	70	70	70	70	70	54
	69	45	45	69	45	54
	46	46	46	46	46	53
	69	69	69	69	45	54
	70	70	70	70	70	53
	54	54	45	45	45	54
	53	46	46	46	46	53
	69	69	69	69	69	53
	54	54	45	45	45	54
	70	70	70	70	70	53
	53	46	46	46	46	53
	54	45	45	45	45	54
	69	69	69	69	69	53
	54	70	46	70	46	54
	53	53	45	45	45	53
	54	70	46	70	46	54
	69	69	69	69	69	53
	54	70	45	45	45	54
	53	46	46	46	46	46
	53	70	70	70	70	70
	54	69	69	69	69	54
	53	45	45	45	45	53
	54	46	46	46	46	54
	53	70	70	70	70	53
	54	69	69	69	69	69
	53	45	45	45	45	45
	54	46	54	46	46	54
	53	70	53	70	70	70
	69	69	69	69	69	69
	53	46	53	46	46	46
	54	45	54	45	54	45
	70	70	70	70	70	70
	53	45	53	45	53	53
	54	46	69	46	69	69
	54	45	54	54	54	54
	53	46	70	46	46	46
	69	45	69	45	45	45
	53	70	70	70	53	70
	54	46	69	69	54	46
	53	45	53	45	53	45
	70	46	70	70	70	70
	69	46	69	69	54	69
	54	45	54	45	54	45
	53	46	53	46	53	46
	70	45	70	70	70	70
	69	69	69	69	69	69
	54	46	54	46	54	46
	53	45	45	45	53	45
	70	70	70	46	70	46
	69	69	69	53	69	69
	54	54	54	54	54	45
	53	53	53	53	53	46
	70	70	45	45	45	45
	69	69	69	46	69	46
	70	70	70	54	54	70
	46	53	46	46	46	46
	69	69	45	53	45	53
	70	70	70	54	54	54
	69	69	69	53	53	69
	45	70	45	45	45	70
	46	54	46	54	46	54
	53	53	70	53	53	53
	69	69	69	54	45	69
	46	70	70	70	46	70
	45	54	54	54	54	54
	45	69	69	53	53	53
	46	70	70	70	46	70
	45	45	69	54	45	69
	46	53	69	53	53	53
	46	54	70	54	54	54
	45	45	69	45	69	45
	46	70	70	70	70	70
	46	53	69	53	53	53
	46	54	69	54	54	54
	45	45	45	45	69	45
	46	46	70	46	70	70
	69	69	69	53	53	53
	45	45	70	54	54	54
	46	46	46	46	69	46
	70	70	70	53	53	53
	45	69	45	69	69	45
	70	54	70	54	54	54
	46	46	46	53	53	53
	45	69	45	69	45	45
	70	70	70	70	70	70
	46	69	46	54	54	54
	69	69	69	53	53	53
	45	45	45	45	45	45
	46	46	46	46	46	46
	70	70	70	70	54	54
	69	69	69	69	53	53
	45	45	45	54	54	54
	46	70	46	53	53	53
	69	69	45	69	45	69
	70	70	46	70	54	54
	46	46	46	53	46	53
	45	45	45	45	45	54
	70	70	46	70	70	53
	69	69	46	69	69	54
	45	70	53	53	45	53
	46	69	54	69	46	54
	45	70	45	70	45	54
	46	69	46	46	46	53
	45	70	54	70	54	54
	69	69	53	69	53	53
	45	70	45	45	45	45
	46	69	46	46	46	54
	53	70	70	70	53	53
	45	69	69	69	45	54
	46	70	46	46	46	54
	45	69	53	53	45	53
	54	70	70	70	54	54
	45	69	69	69	45	53
	46	46	46	46	46	54
	45	70	70	70	45	53
	54	69	69	69	45	54
	53	70	53	46	46	53
	45	69	45	45	45	54
	46	70	70	70	46	54
	69	69	69	69	46	53
	45	45	54	45	45	54
	53	70	53	70	46	53
	69	69	54	69	46	54
	70	70	70	70	46	53
	45	45	45	45	45	45
	69	69	54	69	46	54
	53	46	53	46	46	53
	70	70	70	70	70	54
	69	69	69	69	45	53
	46	46	54	46	46	54
	45	45	53	45	45	53
	70	70	70	70	70	54
	69	69	69	69	69	53
	46	46	54	46	46	54
	45	45	53	45	45	53
	70	70	70	46	70	54
	69	69	69	53	69	53
	46	46	54	54	46	54
	45	70	45	45	45	45
	69	53	69	53	53	53
	70	70	70	46	46	54
	69	54	69	54	45	54
	46	53	70	46	46	53
	45	69	69	45	45	45
	70	54	70	70	70	70
	46	53	69	53	46	46
	69	54	54	54	54	54
	45	53	69	53	45	45
	70	53	70	70	46	70
	69	53	69	69	46	69
	45	54	54	54	54	45
	46	53	53	53	53	46
	70	70	70	70	45	70
	69	69	69	69	46	69
	45	54	54	54	45	45
	70	53	70	53	46	46
	69	69	69	54	45	45
	70	70	70	53	53	46
	69	54	69	54	54	46
	70	53	70	53	45	45
	69	69	69	54	46	46
	70	53	70	53	45	45
	69	54	69	54	46	46
	70	70	70	53	45	45
	69	46	69	54	46	46
	70	53	53	53	53	45
	69	54	69	54	54	45
	70	70	70	53	46	70
	69	45	45	45	45	45
	69	46	46	54	54	54
	69	53	46	53	53	53
	70	70	70	70	70	70
	69	46	46	54	69	69
	45	45	45	45	54	45
	53	46	46	53	53	53
	69	69	69	54	54	69
	70	70	70	70	70	70
	46	46	46	46	54	54
	45	45	45	45	53	69
	69	69	69	53	53	53
	54	70	46	54	54	54
	45	70	45	45	70	70
	46	46	46	53	53	53
	69	69	69	69	69	69
	45	70	45	54	54	54
	46	46	46	53	46	53
	70	70	45	70	70	70
	45	69	45	54	54	54
	53	69	46	53	53	53
	45	45	45	45	45	54
	46	69	46	46	46	69
	70	70	54	70	70	70
	53	69	53	53	69	53
	54	45	54	54	54	54
	46	46	46	46	46	69
	45	70	45	45	45	70
	53	69	69	69	69	53
	54	70	70	70	46	54
	45	69	45	45	45	53
	46	46	46	46	46	54
	53	69	69	69	53	53
	54	70	70	70	70	54
	45	45	45	45	45	53
	54	69	69	69	46	54
	53	70	70	70	46	53
	54	69	46	46	46	54
	53	45	45	45	45	53
	54	70	70	70	46	54
	53	69	69	69	69	69
	46	46	46	46	46	53
	54	70	45	45	45	54
	53	69	69	69	53	53
	70	70	70	70	45	70
	54	46	54	46	46	54
	53	69	69	45	45	53
	54	70	70	70	45	54
	53	46	69	46	46	53
	45	45	69	45	45	54
	53	69	69	46	46	53
	54	70	70	70	45	54
	53	69	69	46	46	53
	54	70	70	45	45	54
	46	69	69	46	46	53
	54	70	70	45	45	54
	53	69	69	46	46	53
	45	70	70	45	45	54
	53	69	69	46	46	53
	54	70	70	54	45	54
	53	69	69	46	46	53
	45	70	70	45	45	54
	54	69	69	46	46	54
	53	70	70	53	45	53
	46	69	69	69	46	54
	45	70	70	70	45	54
	53	53	69	53	46	53
	45	54	69	54	45	54
	46	70	70	70	46	70
	45	53	69	69	45	53
	46	54	70	54	46	54
	45	53	69	53	45	53
	46	54	70	70	46	70
	69	54	69	69	45	69
	46	53	70	53	46	53
	45	54	70	54	45	54
	46	69	69	53	46	69
	45	70	70	70	45	70
	46	54	69	54	46	54
	45	53	69	53	45	69
	46	70	70	53	46	70
	45	54	69	54	45	69
	46	53	70	53	46	70
	45	54	69	54	45	69
	53	53	53	70	46	53
	54	54	69	69	45	54
	70	70	46	70	46	70
	69	69	45	69	45	53
	54	54	46	70	46	54
	53	53	45	53	45	53
	69	69	46	69	46	69
	70	70	70	70	45	70
	54	54	45	54	45	54
	53	53	46	53	46	53
	69	69	69	69	69	69
	70	70	45	70	45	54
	53	53	46	53	46	46
	54	54	45	54	45	54
	70	70	70	70	46	53
	69	69	69	69	69	69
	53	53	45	53	45	53
	54	54	46	54	46	54
	70	70	70	70	45	70
	53	46	46	69	46	46
	54	45	45	69	45	45
	53	53	69	69	69	53
	54	54	70	70	46	54
	53	45	45	69	45	53
	70	46	46	70	46	46
	54	54	69	69	69	54
	53	53	70	70	45	53
	69	45	45	69	45	54
	70	46	46	70	46	46
	53	53	69	69	53	53
	54	54	54	70	54	54
	70	45	45	70	45	45
	69	46	46	69	46	46
	53	53	70	70	53	53
	69	69	69	69	45	54
	70	70	70	70	54	54
	53	45	45	69	45	45
	46	46	46	69	46	46
	54	54	54	70	54	54
	53	53	53	69	53	53
	70	45	70	70	45	45
	69	46	69	69	46	46
	54	54	54	70	54	54
	53	45	53	69	45	53
	70	46	70	70	46	46
	69	69	69	69	69	69
	70	45	53	70	45	45
	54	54	54	54	54	54
	70	46	53	70	46	53
	69	45	69	69	45	45
	70	46	53	70	46	53
	69	54	54	69	54	54
	70	45	53	70	53	53
	46	46	69	69	46	46
	70	45	70	70	45	45
	69	54	54	69	54	54
	46	53	53	70	53	53
	69	45	69	69	45	45
	70	46	46	70	46	46
	70	54	54	70	54	54
	69	53	53	69	53	53
	70	45	45	70	45	45
	69	46	46	69	46	46
	70	54	54	70	54	54
	69	53	53	69	53	53
	70	45	45	70	70	45
	69	46	46	69	69	46
	70	54	54	70	54	54
	53	53	45	69	53	45
	70	46	46	70	46	46
	69	69	45	69	69	45
	70	70	53	70	53	53
	54	54	54	54	54	54
	69	46	46	69	69	46
	70	45	45	45	53	45
	53	53	46	70	53	46
	54	54	45	69	54	45
	70	70	46	70	70	53
	69	54	45	69	69	69
	53	53	46	70	53	46
	54	54	54	70	54	45
	53	69	45	69	69	69
	53	70	46	70	70	70
	54	69	45	45	54	45
	53	70	46	46	53	46
	54	69	54	69	69	69
	53	70	45	70	70	70
	53	69	46	46	53	46
	54	45	45	45	54	45
	53	69	46	69	69	69
	54	70	45	70	70	70
	53	46	46	46	53	46
	54	45	45	54	54	69
	53	70	46	70	53	70
	69	69	45	69	69	69
	54	54	46	46	54	54
	53	70	45	45	53	70
	53	70	46	46	70	70
	54	69	45	45	54	69
	53	53	46	46	53	69
	54	70	45	45	54	70
	53	69	46	46	53	69
	54	70	45	45	54	70
	53	69	46	46	69	69
	54	70	45	45	70	70
	53	53	46	46	53	53
	54	69	45	45	54	54
	70	70	46	46	70	70
	69	69	69	69	69	69
	53	53	45	45	53	53
	54	54	46	46	54	54
	70	70	45	70	70	70
	53	46	46	46	69	69
	54	45	45	45	54	54
	53	53	69	69	69	53
	54	70	46	46	70	70
	54	45	45	45	69	45
	53	53	46	46	69	53
	54	54	70	70	70	54
	69	69	69	69	69	69
	53	46	46	46	46	46
	54	45	45	45	45	45
	53	70	70	70	70	70
	54	54	69	46	46	54
	53	53	69	45	45	53
	70	70	70	70	70	70
	54	46	46	46	46	46
	69	69	69	69	69	69
	53	45	45	45	45	45
	54	54	54	70	70	54
	53	53	53	46	53	53
	69	69	69	69	69	69
	70	70	70	70	70	70
	54	46	46	46	46	46
	53	45	45	45	45	45
	54	54	54	54	54	54
	53	53	53	53	53	53
	69	69	69	69	69	69
	70	46	70	46	70	46
	45	45	45	45	45	45
	70	54	54	54	54	54
	69	53	53	46	53	53
	70	70	70	70	70	70
	69	46	69	46	69	46
	45	45	45	45	45	45
	69	54	54	54	54	54
	69	53	53	53	53	53
	70	46	70	46	70	46
	69	69	69	69	69	69
	45	54	54	45	54	45
	70	70	53	46	70	46
	45	53	53	45	53	45
	69	54	54	46	54	46
	70	70	70	70	70	70
	69	69	69	69	69	45
	46	53	53	53	53	53
	45	54	54	54	54	45
	46	46	70	46	70	46
	45	69	69	69	69	45
	70	53	53	53	53	46
	45	54	54	54	54	45
	70	70	70	70	70	46
	69	69	53	69	69	46
	45	54	54	45	54	45
	46	53	53	53	53	46
	70	70	70	70	70	70
	45	69	54	69	69	45
	46	54	54	54	54	46
	45	53	53	53	53	45
	46	69	54	69	69	46
	70	70	45	70	70	70
	46	69	53	53	53	46
	45	54	54	54	54	45
	46	69	46	69	69	46
	45	70	53	70	70	45
	53	53	53	53	53	46
	54	69	54	54	54	45
	46	69	69	69	69	46
	45	70	70	70	70	45
	46	54	46	54	54	46
	53	53	69	53	53	45
	45	70	70	70	70	45
	46	69	69	69	69	46
	54	54	54	54	54	45
	53	53	70	53	53	46
	45	45	69	69	69	45
	46	46	70	70	70	46
	54	45	45	54	54	45
	53	53	69	53	53	46
	46	46	70	70	70	46
	54	69	69	69	69	69
	45	45	45	53	53	45
	54	46	46	54	54	54
	53	70	70	70	70	70
	45	69	69	69	69	69
	46	46	46	53	53	53
	45	45	45	54	54	54
	46	70	70	70	70	70
	53	69	69	53	69	53
	46	46	46	54	54	54
	45	45	45	53	45	45
	46	69	69	69	69	69
	53	70	70	70	70	70
	54	46	46	54	54	54
	53	45	45	53	53	53
	46	46	46	69	69	69
	45	45	45	54	70	54
	53	70	70	53	70	53
	46	46	46	54	69	54
	45	45	45	53	45	69
	54	70	70	70	70	54
	46	69	69	53	69	69
	53	46	46	53	53	53
	54	45	45	54	54	54
	46	70	70	53	70	70
	45	69	69	45	69	69
	46	46	46	46	46	53
	45	45	45	54	45	54
	70	70	70	70	70	70
	53	69	53	69	53	53
	54	46	54	54	54	54
	45	45	45	69	45	69
	46	46	46	70	46	70
	69	69	53	69	69	53
	70	70	54	70	70	54
	45	45	45	45	45	53
	46	46	46	69	46	54
	69	69	53	69	69	53
	70	70	54	70	70	70
	45	45	54	45	45	54
	46	46	53	69	46	53
	69	69	54	69	45	54
	70	70	53	70	46	70
	45	53	53	69	45	53
	46	54	54	69	46	54
	70	70	53	70	45	45
	69	69	69	69	46	69
	70	54	54	70	46	54
	45	53	53	45	45	53
	70	70	46	70	46	46
	69	69	54	69	45	54
	70	53	53	70	45	53
	69	54	54	69	46	46
	45	70	53	70	45	45
	69	69	54	69	46	46
	70	53	53	70	45	53
	69	54	54	54	46	54
	70	70	53	70	45	45
	69	69	69	69	46	46
	53	53	53	53	45	45
	70	54	54	70	46	46
	69	69	54	69	45	45
	70	70	53	53	46	46
	70	54	54	54	45	45
	69	69	53	69	46	46
	70	70	53	70	70	45
	69	54	54	54	54	46
	53	53	53	53	45	45
	69	69	46	69	46	46
	70	70	54	70	70	45
	53	53	53	53	53	46
	54	54	54	54	54	45
	69	69	69	69	69	46
	70	70	70	70	70	45
	46	69	46	69	46	46
	45	53	45	53	53	45
	54	54	54	54	54	46
	70	70	70	70	70	45
	69	69	69	69	69	69
	53	53	53	53	53	46
	45	54	70	54	45	45
	46	46	70	70	70	46
	45	69	69	69	69	45
	54	54	54	54	54	46
	53	53	53	53	53	46
	45	70	70	70	70	45
	46	69	69	69	69	46
	54	54	70	54	54	45
	53	53	70	53	53	46
	45	45	69	69	69	45
	46	70	70	70	70	46
	54	54	69	54	54	45
	53	53	69	53	53	46
	45	45	70	70	70	45
	46	69	69	69	69	46
	54	54	70	54	54	54
	53	53	70	53	53	45
	46	46	69	46	69	46
	45	45	70	70	70	45
	54	54	69	54	54	54
	53	46	69	53	53	53
	45	45	70	70	70	45
	46	46	69	69	69	46
	54	54	70	54	54	54
	53	45	69	53	53	53
	46	46	70	70	70	46
	45	45	69	69	69	45
	54	54	70	54	54	54
	53	46	70	53	53	53
	45	45	69	45	69	45
	46	46	70	46	70	46
	54	45	69	54	54	54
	53	46	70	53	53	53
	45	45	69	69	69	54
	46	46	70	70	70	46
	45	45	69	45	45	54
	53	46	69	53	53	53
	46	46	70	54	70	54
	45	45	69	69	69	54
	46	46	70	70	70	53
	45	45	54	54	54	54
	46	46	69	53	69	53
	45	45	70	70	70	53
	46	46	69	69	69	54
	45	45	53	53	53	53
	46	46	70	54	54	54
	45	69	69	45	69	69
	46	70	70	70	70	70
	46	46	53	53	53	53
	45	69	54	54	54	54
	45	69	69	45	45	69
	46	70	70	46	46	53
	45	70	54	54	45	54
	46	69	53	53	69	53
	46	70	70	46	70	70
	45	69	54	45	45	54
	46	69	53	53	69	53
	46	70	54	46	70	54
	45	69	69	45	45	69
	46	70	53	46	70	70
	45	69	54	45	69	54
	46	70	53	46	46	53
	45	69	54	45	69	54
	46	70	53	70	70	70
	45	69	53	69	69	69
	46	70	54	46	46	54
	45	70	53	45	45	53
	46	69	54	69	46	69
	45	70	53	70	45	70
	46	69	54	46	46	54
	53	70	53	45	45	53
	69	69	54	69	46	69
	70	70	54	70	45	70
	46	69	53	46	46	53
	45	69	54	45	45	54
	70	70	53	70	46	70
	69	69	54	69	45	69
	53	53	53	46	46	46
	54	70	54	45	45	45
	69	69	53	69	46	69
	70	70	54	70	70	70
	53	53	53	45	45	45
	54	54	54	46	46	46
	69	69	53	69	69	69
	54	70	54	45	70	45
	53	53	53	46	46	46
	54	70	54	70	70	70
	53	69	69	45	69	45
	53	70	53	46	70	46
	54	69	54	54	69	45
	53	70	53	45	70	45
	54	69	69	46	69	46
	53	70	70	53	70	45
	54	54	69	54	69	46
	53	45	70	53	70	45
	54	46	69	54	69	46
	53	70	70	53	70	45
	54	69	69	69	69	46
	53	45	70	53	70	45
	54	46	46	54	54	46
	53	45	70	70	70	45
	69	69	69	69	69	46
	54	54	70	54	54	45
	53	46	70	53	53	46
	45	45	70	70	70	45
	53	46	69	53	69	46
	54	45	69	54	54	54
	53	45	70	53	70	45
	46	46	69	69	69	46
	54	70	70	54	70	45
	53	45	69	53	53	53
	54	46	69	54	69	46
	45	45	70	70	70	45
	46	46	69	53	69	46
	54	54	70	54	54	54
	45	45	69	53	53	53
	70	46	70	70	70	46
	69	45	69	69	69	45
	46	46	54	54	54	54
	53	45	53	53	53	53
	70	70	70	70	70	70
	45	45	69	69	69	54
	46	46	54	54	46	46
	45	45	69	53	45	53
	70	46	70	54	70	54
	69	69	69	53	69	53
	45	45	70	54	45	54
	46	46	70	53	46	46
	69	45	69	53	69	53
	70	45	54	54	70	54
	46	46	53	53	46	53
	45	45	70	70	45	54
	69	69	69	69	69	54
	46	46	70	53	46	53
	45	45	70	54	45	54
	70	46	70	53	70	53
	69	69	69	69	69	54
	46	46	54	46	46	54
	45	45	70	45	45	53
	70	53	70	53	70	53
	69	54	69	54	69	54
	46	46	70	46	46	53
	45	45	54	45	45	54
	69	53	53	53	69	53
	70	70	70	70	70	54
	46	46	69	46	46	54
	45	45	69	45	45	53
	70	54	54	54	70	54
	69	53	53	53	69	53
	46	46	70	46	46	54
	45	45	69	45	45	53
	70	54	70	70	70	54
	69	53	69	69	69	53
	46	46	54	46	46	54
	45	45	70	45	45	53
	69	53	53	53	69	53
	70	54	54	54	46	54
	70	45	70	45	45	70
	69	46	69	46	46	69
	70	53	53	53	45	53
	69	54	54	54	46	54
	70	70	70	45	45	70
	69	69	53	46	46	69
	45	54	54	45	45	70
	46	53	53	53	46	69
	70	70	54	45	70	70
	69	69	54	46	69	69
	45	53	53	45	45	70
	46	54	54	46	46	69
	70	70	53	53	70	70
	69	69	54	45	69	69
	46	54	54	46	46	70
	45	53	53	45	45	70
	69	54	54	54	54	69
	53	53	53	53	53	70
	46	70	46	46	46	70
	45	69	45	45	45	69
	54	54	54	46	54	70
	69	69	69	46	69	69
	53	70	70	45	53	70
	54	70	46	46	46	70
	53	69	45	45	45	69
	54	70	70	46	54	70
	53	69	69	69	45	69
	53	53	46	46	46	53
	54	70	70	45	45	54
	53	69	69	69	46	69
	54	70	70	70	45	70
	53	53	46	46	46	53
	54	69	45	45	45	54
	53	70	70	70	46	70
	54	69	69	69	45	69
	53	70	46	46	46	53
	54	45	45	45	45	54
	53	69	46	69	46	69
	54	70	70	70	45	70
	53	69	46	69	46	53
	54	70	45	54	45	54
	53	69	46	69	46	53
	54	70	45	70	45	54
	53	69	46	69	69	53
	54	70	70	70	70	54
	53	69	45	69	45	53
	54	46	46	70	46	54
	53	69	45	69	45	53
	54	70	46	70	70	70
	54	69	45	69	69	54
	53	46	46	53	46	53
	54	70	45	70	70	54
	53	69	45	69	69	53
	54	46	46	46	70	54
	53	45	45	45	69	53
	70	70	46	70	70	70
	69	69	69	69	69	54
	45	45	45	45	70	53
	46	46	46	46	70	54
	53	53	53	53	69	53
	54	54	45	54	70	54
	69	69	46	69	69	69
	70	70	45	70	70	70
	46	46	46	46	46	53
	45	45	45	45	45	54
	69	69	53	53	69	53
	54	54	54	54	70	54
	46	70	46	46	70	70
	69	69	45	45	69	53
	70	70	46	46	70	53
	45	69	45	45	69	54
	46	53	53	53	46	53
	70	54	54	54	70	54
	69	69	69	69	69	69
	45	53	45	45	45	70
	13	13	13	21	13	5
	14	14	14	22	14	6
	15	23	7	29	29	46
	30	30	30	30	30	30
	31	21	5	21	8	5
	9	22	10	22	10	6
	11	11	11	16	11	0
	12	12	12	17	12	1
	18	18	2	18	18	2
	19	19	3	19	19	3
	20	20	4	20	20	4
	24	24	25	25	26	26
	27	27	27	27	27	27
	28	28	8	28	28	28
	46	29	70	70	70	46
	9	77	77	54	77	77
	78	78	78	53	78	78
	72	72	72	45	72	73
	74	74	74	74	74	74
	75	75	75	75	75	75
	76	76	76	76	76	76
	0	16	0	69	16	79
	10	17	1	10	17	1
	13	6	6	13	21	6
	14	14	14	14	5	5
	11	2	2	26	22	2
	12	3	3	30	3	30
	4	4	4	18	18	4
	54	19	19	19	19	29
	20	20	20	25	20	25
	53	73	73	73	73	73
	8	27	27	27	27	27
	9	24	24	28	28	45
	46	70	46	70	46	46
	10	69	79	79	77	69
	11	21	26	26	74	26
	12	22	12	72	72	12
	13	78	78	78	78	78
	2	75	75	75	75	29
	18	18	76	76	76	18
	15	23	7	31	5	30
	54	6	6	54	6	54
	53	53	14	53	14	14
	0	0	16	16	1	45
	17	17	77	77	77	70
	3	3	3	21	3	8
	25	4	25	73	73	9
	29	22	22	72	22	69
	19	19	19	19	19	19
	20	20	20	20	20	20
	24	24	28	79	10	28
	11	11	30	74	74	11
	13	13	27	13	13	13
	2	2	46	2	46	46
	5	5	26	5	5	26
	12	12	18	12	12	12
	1	70	45	78	45	70
	8	9	21	76	76	54
	75	6	75	75	75	69
	72	4	29	72	72	14
	53	53	53	53	53	53
	10	10	10	73	10	10
	3	3	3	77	77	27
	28	0	28	79	28	28
	30	16	30	17	30	30
	22	22	22	22	22	22
	25	18	18	18	11	18
	74	19	19	19	19	19
	26	20	20	20	20	20
	24	2	2	2	54	2
	78	4	21	78	14	21
	76	1	69	76	8	69
	73	46	27	73	46	46
	29	9	29	6	12	6
	45	13	13	13	13	45
	70	70	70	5	70	70
	72	72	11	72	72	75
	74	10	10	3	10	3
	26	26	26	26	26	26
	28	28	28	77	28	28
	31	15	23	7	79	79
	30	53	53	53	53	53
	54	54	54	54	14	54
	16	0	16	17	0	22
	25	69	21	21	69	21
	78	5	24	5	24	5
	73	8	29	4	9	4
	27	1	27	18	12	18
	45	6	19	6	45	6
	75	46	20	20	46	46
	76	2	11	2	11	2
	77	13	77	77	13	77
	74	74	74	30	14	74
	72	72	72	3	70	72
	73	10	10	22	10	22
	26	26	26	26	26	26
	78	28	28	28	12	28
	29	29	29	29	69	29
	75	1	19	19	19	19
	76	53	53	53	53	53
	27	4	54	27	54	4
	45	21	21	21	21	21
	18	18	18	18	18	18
	20	5	5	20	20	5
	11	11	11	30	11	3
	73	14	14	70	14	46
	13	13	2	2	13	2
	12	12	6	12	12	6
	77	10	77	69	69	22
	74	74	74	28	74	74
	75	75	75	26	75	75
	78	78	78	27	78	78
	72	72	76	76	76	19
	45	45	4	29	4	45
	73	3	3	54	3	3
	30	20	70	30	20	46
	10	10	2	28	53	2
	26	21	5	27	21	21
	12	12	12	12	22	22
	19	19	6	14	69	69
	77	13	77	13	77	13
	29	29	54	54	70	70
	46	46	78	53	46	46
	45	5	5	30	5	45
	14	14	14	14	14	14
	6	6	6	6	6	6
	22	22	22	22	22	22
	21	21	78	53	21	69
	13	13	13	54	70	70
	77	29	29	29	29	29
	45	30	30	30	30	30
	78	69	78	53	69	46
	5	5	5	5	5	54
	77	14	77	77	45	45
	70	21	6	53	21	70
	22	22	22	54	22	46
	13	13	13	13	69	13
	14	14	78	29	78	14
	6	6	6	30	6	46
	70	53	77	53	45	45
	69	21	21	54	21	54
	5	5	5	29	5	29
	70	22	30	30	46	46
	69	69	78	78	78	69
	14	14	77	14	77	53
	13	54	22	13	45	45
	6	6	29	29	21	70
	30	53	30	53	46	53
	22	22	22	22	22	54
	5	5	5	5	21	70
	13	69	77	77	77	69
	14	6	78	14	45	54
	29	70	29	46	46	29
	21	21	30	30	21	30
	13	53	78	13	45	53
	6	6	6	6	6	54
	69	69	69	14	22	69
	70	70	70	46	46	70
	5	5	5	77	45	77
	29	78	29	78	13	78
	14	54	30	14	14	54
	21	53	21	21	21	53
	22	22	22	22	22	22
	45	45	13	45	45	45
	46	46	30	46	46	46
	29	77	69	6	69	77
	5	70	70	5	70	5
	13	78	13	13	13	78
	30	54	54	14	14	54
	29	53	6	6	29	53
	21	21	21	21	21	77
	22	69	22	22	22	69
	30	30	30	45	45	30
	46	70	70	46	46	78
	14	5	5	5	14	5
	29	77	29	6	13	77
	78	54	54	45	69	54
	53	53	53	13	13	53
	46	70	6	6	70	6
	78	14	21	14	14	78
	30	69	22	45	22	22
	29	29	29	46	29	29
	77	77	5	45	13	77
	30	69	21	21	21	54
	78	70	70	46	70	53
	45	14	14	45	14	5
	30	13	13	13	13	6
	78	69	22	22	69	54
	46	77	46	46	46	53
	29	29	29	29	21	5
	30	30	30	30	45	6
	78	78	22	54	70	54
	77	77	21	53	69	53
	45	14	14	14	14	5
	22	13	13	13	13	6
	46	70	21	46	70	70
	78	69	22	29	69	54
	45	77	45	45	45	45
	30	30	30	30	5	5
	53	78	21	53	6	53
	46	29	22	29	14	54
	77	77	13	13	13	69
	6	70	21	70	70	6
	78	78	22	46	5	22
	54	14	14	14	14	54
	45	29	69	29	69	69
	77	30	21	30	30	21
	46	5	46	53	5	53
	78	6	13	6	6	45
	77	22	70	70	70	70
	54	29	69	29	29	54
	78	21	21	13	13	21
	77	5	14	53	5	46
	45	22	45	30	30	45
	78	6	69	69	6	69
	54	14	14	54	14	54
	77	22	46	53	13	53
	78	70	70	70	29	70
	5	5	21	30	5	21
	77	22	46	29	13	46
	6	6	45	6	6	45
	78	69	69	69	30	69
	53	14	14	53	14	53
	54	22	29	54	13	22
	77	21	70	21	21	21
	5	46	46	30	30	46
	78	45	45	29	45	45
	13	13	13	13	13	13
	77	77	70	70	6	70
	5	22	69	22	5	22
	54	78	29	54	14	14
	53	53	53	53	53	53
	30	21	30	30	30	21
	6	6	6	6	6	46
	78	69	69	69	69	69
	77	45	29	29	29	45
	5	5	5	5	5	70
	14	22	54	14	14	14
	13	46	21	46	46	46
	78	70	70	78	70	70
	77	54	54	77	30	30
	53	22	53	22	45	45
	13	21	29	21	29	13
	6	6	6	6	69	69
	78	5	5	5	46	14
	77	54	30	30	30	30
	53	45	53	45	45	45
	70	22	22	22	70	70
	13	21	13	29	29	13
	78	14	14	69	46	14
	77	54	54	77	54	6
	5	21	53	5	53	5
	69	69	30	69	46	69
	78	6	29	29	29	29
	70	22	70	70	45	70
	13	21	13	21	46	13
	30	14	30	14	30	14
	54	54	54	6	54	6
	53	22	53	77	45	5
	78	46	78	78	46	29
	69	69	69	69	69	69
	5	13	13	70	45	5
	77	21	21	77	21	6
	14	22	22	22	22	14
	30	53	30	70	53	30
	29	29	29	46	46	29
	45	45	54	45	45	6
	5	78	78	13	13	5
	14	77	14	70	14	14
	69	21	21	69	69	6
	30	22	53	46	53	30
	54	54	54	70	54	54
	29	77	13	13	13	29
	5	78	78	46	46	5
	6	6	6	45	45	6
	70	22	22	70	22	22
	30	77	21	69	21	30
	14	14	14	14	14	14
	29	53	53	53	53	53
	5	78	78	46	46	5
	13	13	13	69	45	69
	70	77	54	70	54	54
	29	21	21	29	21	21
	30	30	22	30	45	30
	6	77	6	46	46	6
	69	78	78	69	69	5
	70	14	14	14	53	53
	29	13	22	45	45	29
	5	77	54	54	54	54
	70	70	21	70	46	21
	30	78	22	30	13	30
	6	77	77	69	69	6
	5	14	53	53	53	53
	45	13	45	45	45	29
	46	78	46	46	46	46
	5	14	22	22	22	22
	70	77	21	70	21	21
	69	13	29	29	69	54
	78	78	78	30	6	30
	77	14	14	14	14	5
	54	13	45	45	45	54
	53	6	53	53	53	53
	70	77	22	70	70	22
	29	5	29	29	46	21
	69	6	69	69	69	69
	30	13	30	30	13	30
	78	78	78	54	5	54
	77	77	46	46	46	21
	45	14	45	45	14	45
	22	6	22	6	6	22
	70	5	29	29	5	70
	53	13	13	53	13	53
	21	21	21	21	21	21
	54	77	30	54	69	54
	78	78	46	29	14	46
	70	5	22	30	70	22
	69	6	45	6	69	45
	53	77	14	29	14	14
	54	13	13	30	13	13
	78	5	46	5	5	46
	77	77	77	29	70	22
	53	21	45	6	69	21
	54	78	78	30	30	30
	70	70	45	29	70	22
	53	14	46	6	14	14
	69	69	69	69	69	69
	54	5	45	5	13	13
	77	21	46	29	29	21
	53	22	45	22	22	22
	78	78	78	6	30	78
	54	70	70	70	70	70
	77	46	14	46	14	14
	53	5	13	30	13	13
	45	45	29	29	45	45
	54	6	69	6	6	21
	77	77	22	22	22	22
	53	5	30	30	46	46
	78	78	69	69	14	69
	54	21	21	21	54	21
	29	70	13	29	13	13
	53	5	14	5	53	5
	77	6	30	6	45	77
	46	46	70	46	46	46
	78	22	22	22	54	22
	29	69	69	69	45	69
	30	14	14	14	14	14
	53	70	70	70	53	70
	78	21	21	13	13	78
	77	6	29	6	54	77
	45	5	45	5	45	5
	30	30	30	30	46	30
	29	22	22	29	54	22
	53	13	69	69	53	78
	77	21	21	21	46	21
	14	14	14	70	14	6
	54	13	13	45	54	78
	29	5	29	46	46	5
	53	22	22	70	53	77
	30	69	69	69	69	6
	45	45	45	45	45	78
	54	13	13	13	54	6
	70	21	21	70	70	77
	29	14	14	14	46	29
	30	30	30	30	53	5
	78	22	22	22	46	78
	6	69	21	69	54	6
	77	13	77	13	53	77
	5	29	29	46	5	5
	70	70	70	45	70	78
	54	14	14	14	54	6
	53	21	21	69	53	30
	46	22	22	46	46	22
	45	13	13	45	45	29
	30	30	30	69	69	78
	5	14	21	70	5	5
	6	77	77	54	6	6
	29	29	29	13	53	29
	54	22	22	46	54	22
	70	78	21	70	78	78
	14	14	14	14	69	14
	45	30	45	45	53	30
	13	13	77	13	77	77
	46	46	46	46	5	5
	69	6	21	69	6	21
	70	78	22	70	54	29
	53	30	30	53	53	30
	45	77	77	14	54	29
	69	78	22	13	5	22
	6	6	21	46	6	21
	70	78	45	45	70	70
	29	14	29	14	54	29
	69	77	5	13	5	69
	30	30	46	46	53	30
	22	78	22	13	54	22
	21	6	21	45	6	21
	70	77	77	14	53	70
	69	78	46	69	5	69
	29	29	29	13	54	29
	30	30	45	45	53	30
	14	78	22	14	6	22
	70	5	46	5	5	21
	13	77	77	13	54	13
	69	78	45	69	53	21
	70	6	46	6	6	22
	14	14	14	14	54	14
	29	29	45	29	29	29
	30	30	46	30	30	30
	53	78	78	53	53	21
	70	77	77	5	5	22
	69	69	54	13	54	13
	45	6	45	45	6	21
	70	46	46	46	46	22
	14	78	78	14	5	14
	53	77	53	53	29	21
	54	54	54	13	54	13
	69	69	69	30	30	22
	70	70	70	70	6	70
	21	5	45	5	5	21
	77	77	46	29	29	22
	53	78	45	78	6	14
	13	69	13	13	30	13
	54	22	46	14	46	22
	53	21	45	6	6	21
	69	77	5	29	29	29
	70	78	70	30	30	30
	54	54	54	14	14	14
	53	53	45	5	5	22
	69	77	46	13	46	13
	78	78	6	6	6	21
	70	70	45	29	29	22
	69	77	69	30	30	21
	54	5	46	5	5	14
	53	53	45	13	45	13
	22	78	70	22	22	22
	77	77	46	29	29	29
	54	21	14	6	6	21
	30	69	69	30	30	30
	70	78	70	70	45	13
	53	46	46	46	46	14
	54	5	5	5	5	5
	77	77	45	21	45	21
	6	22	69	69	13	6
	29	78	14	29	29	29
	53	53	53	70	53	30
	54	13	54	22	54	13
	78	78	14	21	46	14
	69	77	45	69	45	77
	6	22	70	70	30	6
	5	21	21	21	21	5
	29	46	46	46	46	29
	54	13	13	30	54	30
	53	14	14	14	53	14
	69	22	22	45	45	69
	78	78	70	70	70	78
	77	77	6	6	6	77
	5	13	13	29	5	5
	30	21	21	30	54	30
	53	46	22	46	46	29
	45	69	14	69	45	69
	6	70	70	70	54	70
	53	22	22	13	53	78
	29	14	14	29	21	29
	5	77	77	45	45	77
	30	30	13	30	54	30
	6	46	21	69	46	6
	5	78	78	70	78	78
	53	22	22	14	22	29
	54	13	13	13	54	13
	21	21	21	69	45	69
	5	14	14	70	46	30
	6	45	77	53	53	29
	5	22	22	70	54	30
	6	46	77	46	46	29
	69	13	21	69	45	69
	78	14	78	14	78	78
	53	13	77	70	53	30
	5	22	22	54	54	54
	29	21	21	45	45	29
	6	6	77	6	46	6
	30	13	13	70	70	30
	5	14	14	14	14	69
	53	22	78	53	53	53
	29	46	77	46	77	29
	21	45	21	69	54	54
	5	5	22	13	13	30
	70	6	78	70	78	70
	69	45	45	69	45	69
	22	46	22	14	46	29
	6	6	77	13	77	30
	21	21	21	21	53	21
	5	5	78	54	54	54
	29	14	46	14	29	29
	30	70	22	70	53	30
	13	13	77	13	45	69
	6	6	78	6	78	22
	5	5	46	46	46	46
	69	69	77	14	53	53
	45	45	45	45	54	45
	21	70	21	70	30	30
	22	22	22	13	29	29
