17.2382
16.8595
16.4446
15.9864
15.4754
14.8981
14.2353
13.4574
12.5158
11.3221
9.68773
7.07102
-0.325947
5.0381
8.60635
10.5165
11.8212
12.8085
13.5995
14.2567
14.8166
15.3023
15.7296
16.1096
16.4502
16.7577
17.0368
17.2911
17.5237
17.7371
17.9331
18.1134
18.2796
18.4327
18.5738
18.7037
18.8233
18.9331
19.0337
19.1257
19.2094
19.2854
19.3538
19.415
19.4692
19.5168
19.5579
19.5926
19.6211
19.6436
19.6601
19.6708
19.6757
19.6749
19.6684
19.6562
19.6383
19.6148
19.5856
19.5507
19.5099
19.4633
19.4108
19.3521
19.2873
19.2161
19.1383
19.0538
18.9624
18.8637
18.7574
18.6433
18.5209
18.3898
18.2495
18.0994
17.9388
17.7671
17.5832
17.3863
17.1751
16.9482
16.7039
16.4403
16.155
15.8449
15.5063
15.1346
14.7236
14.2654
13.7489
13.1587
12.4717
11.6518
10.6375
9.30969
7.38758
3.86096
-2.1691
5.6055