UserPosition X [at 347.674] -591.705 321.086 -1364.33 -889.123 -235.954 -1863.05 
 UserPosition Y [at 347.674] 553.309 1805.26 635.702 1142.43 -1593.32 329.281 
	 sinr: 16.0483 18.3799 22.0427 22.1626 25.4358 19.5095 5.39598 24.3099 20.7686 13.8925 24.288 14.5813 24.0652 22.0815 24.8824 16.4439 25.4379 20.8555 23.3614 22.75 11.9484 18.9235 17.448 9.84062 19.5573 
	 CQI: 10 10 12 12 13 11 5 13 11 8 13 9 13 12 13 10 13 11 12 12 8 11 10 7 11 
	 MCS: 18 18 22 22 24 20 8 24 20 14 24 16 24 22 24 18 24 20 22 22 14 20 18 12 20 
	 TB: 308 308 433 433 506 363 89 506 363 203 506 259 506 433 506 308 506 363 433 433 203 363 308 159 363 
	 sinr: 33.8052 40.0456 34.0321 39.7925 24.0014 42.3526 45.0266 41.3687 38.5118 39.9831 36.0392 41.195 37.3064 35.407 36.0684 39.0533 32.7352 38.7449 33.2677 39.4342 33.4131 43.4869 38.834 35.6 37.3115 
	 CQI: 14 15 14 15 13 15 15 15 15 15 15 15 15 15 15 15 14 15 14 15 14 15 15 15 15 
	 MCS: 26 28 26 28 24 28 28 28 28 28 28 28 28 28 28 28 26 28 26 28 26 28 28 28 28 
	 TB: 578 640 578 640 506 640 640 640 640 640 640 640 640 640 640 640 578 640 578 640 578 640 640 640 640 
	 sinr: 20.9971 17.7136 19.1954 20.0338 15.2245 12.1923 9.76303 -0.30735 19.0303 14.0333 17.4191 8.88724 19.559 15.8631 18.6879 20.839 17.1212 12.4532 12.3559 20.4602 10.131 21.078 12.5676 15.2851 16.968 
	 CQI: 11 10 11 11 10 8 7 2 11 8 10 7 11 10 11 11 10 8 8 11 7 11 8 10 10 
	 MCS: 20 18 20 20 18 14 12 2 20 14 18 12 20 18 20 20 18 14 14 20 12 20 14 18 18 
	 TB: 363 308 363 363 308 203 159 23 363 203 308 159 363 308 363 363 308 203 203 363 159 363 203 308 308 
	 sinr: 17.164 21.8716 19.5345 17.8521 17.8471 18.312 17.6519 16.7648 20.0359 17.9594 11.3874 23.0829 24.3365 21.2386 20.8341 15.9146 17.5406 13.2279 20.8249 19.0697 17.8284 10.9996 19.4182 21.1207 21.3106 
	 CQI: 10 12 11 10 10 10 10 10 11 10 8 12 13 11 11 10 10 8 11 11 10 7 11 11 11 
	 MCS: 18 22 20 18 18 18 18 18 20 18 14 22 24 20 20 18 18 14 20 20 18 12 20 20 20 
	 TB: 308 433 363 308 308 308 308 308 363 308 203 433 506 363 363 308 308 203 363 363 308 159 363 363 363 
	 sinr: 24.2271 11.8633 22.4132 21.9544 18.4964 25.4265 12.5977 23.957 28.1581 24.9823 25.7125 16.4535 -3.12516 19.5941 20.4332 20.6207 25.9838 24.8839 20.1552 24.9593 25.6271 24.3034 25.2917 23.7774 16.1871 
	 CQI: 13 8 12 12 10 13 8 13 13 13 13 10 1 11 11 11 13 13 11 13 13 13 13 13 10 
	 MCS: 24 14 22 22 18 24 14 24 24 24 24 18 0 20 20 20 24 24 20 24 24 24 24 24 18 
	 TB: 506 203 433 433 308 506 203 506 506 506 506 308 0 363 363 363 506 506 363 506 506 506 506 506 308 
	 sinr: 29.8328 21.0992 31.5546 22.5069 33.5935 33.5903 34.6098 26.7653 28.1851 35.2997 24.5194 30.4715 32.8388 28.3175 31.2731 28.2083 28.1692 29.3885 30.0562 26.5619 26.1694 30.4715 31.3337 33.7212 28.7311 
	 CQI: 14 11 14 12 14 14 15 13 13 15 13 14 14 13 14 13 13 14 14 13 13 14 14 14 14 
	 MCS: 26 20 26 22 26 26 28 24 24 28 24 26 26 24 26 24 24 26 26 24 24 26 26 26 26 
	 TB: 578 363 578 433 578 578 640 506 506 640 506 578 578 506 578 506 506 578 578 506 506 578 578 578 578 
 UserPosition X [at 347.675] -591.704 321.078 -1364.32 -889.13 -235.959 -1863.05 
 UserPosition Y [at 347.675] 553.301 1805.26 635.696 1142.44 -1593.31 329.289 
	 sinr: 19.4499 20.6893 24.2193 22.8795 24.8923 20.8567 15.9494 23.0935 11.3547 13.5263 24.6477 20.3073 22.7501 22.6497 23.3665 20.4187 25.1725 22.0639 24.4063 20.1202 17.2583 16.3023 21.5303 17.1407 14.2789 
	 CQI: 11 11 13 12 13 11 10 12 8 8 13 11 12 12 12 11 13 12 13 11 10 10 12 10 9 
	 MCS: 20 20 24 22 24 20 18 22 14 14 24 20 22 22 22 20 24 22 24 20 18 18 22 18 16 
	 TB: 363 363 506 433 506 363 308 433 203 203 506 363 433 433 433 363 506 433 506 363 308 308 433 308 259 
	 sinr: 31.2884 41.1113 30.1768 41.6509 28.0988 43.0061 45.1844 42.6697 38.2351 38.7441 32.8801 42.0858 39.7188 35.2218 37.3256 41.5361 36.3842 38.5496 36.923 40.7967 35.879 43.3945 37.6704 20.493 37.9284 
	 CQI: 14 15 14 15 13 15 15 15 15 15 14 15 15 15 15 15 15 15 15 15 15 15 15 11 15 
	 MCS: 26 28 26 28 24 28 28 28 28 28 26 28 28 28 28 28 28 28 28 28 28 28 28 20 28 
	 TB: 578 640 578 640 506 640 640 640 640 640 578 640 640 640 640 640 640 640 640 640 640 640 640 363 640 
	 sinr: 20.6614 15.2074 19.2947 20.5296 10.5494 9.80984 15.0942 14.8851 18.6884 16.7104 16.0385 13.9757 19.2086 17.3922 19.4396 18.8889 16.4599 17.3904 11.0727 18.5375 13.5643 21.3084 18.0035 13.2634 13.3157 
	 CQI: 11 9 11 11 7 7 9 9 11 10 10 8 11 10 11 11 10 10 7 10 8 11 10 8 8 
	 MCS: 20 16 20 20 12 12 16 16 20 18 18 14 20 18 20 20 18 18 12 18 14 20 18 14 14 
	 TB: 363 259 363 363 159 159 259 259 363 308 308 203 363 308 363 363 308 308 159 308 203 363 308 203 203 
	 sinr: 17.6165 22.8785 21.5322 20.222 16.13 20.0864 18.2684 18.0033 19.5198 7.31542 8.82871 22.5283 23.5151 20.4361 18.1933 18.9614 18.7823 18.0273 21.1069 18.8629 18.7461 14.6068 19.3559 21.0902 20.3678 
	 CQI: 10 12 12 11 10 11 10 10 11 5 7 12 13 11 10 11 11 10 11 11 11 9 11 11 11 
	 MCS: 18 22 22 20 18 20 18 18 20 8 12 22 24 20 18 20 20 18 20 20 20 16 20 20 20 
	 TB: 308 433 433 363 308 363 308 308 363 89 159 433 506 363 308 363 363 308 363 363 363 259 363 363 363 
	 sinr: 23.9962 20.7655 24.4178 23.1039 21.4729 24.3442 18.4815 25.0362 27.676 24.4877 25.9896 20.3052 21.2842 21.9373 16.2115 22.4571 26.1086 24.0943 17.467 23.8773 25.9699 22.1057 24.3934 25.2081 17.1083 
	 CQI: 13 11 13 12 12 13 10 13 13 13 13 11 11 12 10 12 13 13 10 13 13 12 13 13 10 
	 MCS: 24 20 24 22 22 24 18 24 24 24 24 20 20 22 18 22 24 24 18 24 24 22 24 24 18 
	 TB: 506 363 506 433 433 506 308 506 506 506 506 363 363 433 308 433 506 506 308 506 506 433 506 506 308 
	 sinr: 27.9377 24.9987 32.1868 27.5953 32.9294 34.6098 35.1049 30.163 29.285 34.7021 9.08844 33.0862 33.298 29.4163 28.8383 29.4963 26.3083 30.8669 28.8522 29.4519 31.6431 33.0862 33.6997 32.3498 24.6279 
	 CQI: 13 13 14 13 14 15 15 14 14 15 7 14 14 14 14 14 13 14 14 14 14 14 14 14 13 
	 MCS: 24 24 26 24 26 28 28 26 26 28 12 26 26 26 26 26 24 26 26 26 26 26 26 26 24 
	 TB: 506 506 578 506 578 640 640 578 578 640 159 578 578 578 578 578 506 578 578 578 578 578 578 578 506 
 UserPosition X [at 347.676] -591.703 321.07 -1364.32 -889.138 -235.965 -1863.05 
 UserPosition Y [at 347.676] 553.292 1805.26 635.69 1142.44 -1593.31 329.297 
	 sinr: 21.0162 21.8545 25.3252 23.1011 23.8694 21.6366 18.2136 20.4644 21.5277 18.1443 24.5742 22.2813 20.1203 22.728 20.2314 22.4001 24.541 22.6321 24.8047 9.07418 19.5878 21.9413 23.3433 19.7468 16.0446 
	 CQI: 11 12 13 12 13 12 10 11 12 10 13 12 11 12 11 12 13 12 13 7 11 12 12 11 10 
	 MCS: 20 22 24 22 24 22 18 20 22 18 24 22 20 22 20 22 24 22 24 12 20 22 22 20 18 
	 TB: 363 433 506 433 506 433 308 363 433 308 506 433 363 433 363 433 506 433 506 159 363 433 433 363 308 
	 sinr: 29.0449 41.6193 36.9457 42.5996 30.855 43.2666 44.9771 43.36 37.5716 36.3758 24.3246 42.3694 41.0414 39.7931 37.7692 42.8354 40.157 38.3734 40.5897 41.3445 36.7631 42.8327 35.7144 35.731 38.6105 
	 CQI: 14 15 15 15 14 15 15 15 15 15 13 15 15 15 15 15 15 15 15 15 15 15 15 15 15 
	 MCS: 26 28 28 28 26 28 28 28 28 28 24 28 28 28 28 28 28 28 28 28 28 28 28 28 28 
	 TB: 578 640 640 640 578 640 640 640 640 640 506 640 640 640 640 640 640 640 640 640 640 640 640 640 640 
	 sinr: 19.8815 3.78574 18.8196 20.6615 11.1281 -2.71701 18.4447 17.7848 18.0405 18.2226 13.8087 16.9226 18.2984 17.9162 19.5948 14.0922 14.9977 19.246 15.7314 14.0986 17.1851 21.1325 20.0527 9.18913 10.5995 
	 CQI: 11 4 11 11 7 1 10 10 10 10 8 10 10 10 11 8 9 11 10 8 10 11 11 7 7 
	 MCS: 20 6 20 20 12 0 18 18 18 18 14 18 18 18 20 14 16 20 18 14 18 20 20 12 12 
	 TB: 363 59 363 363 159 0 308 308 308 308 203 308 308 308 363 203 259 363 308 203 308 363 363 159 159 
	 sinr: 17.7562 23.5085 22.6928 21.1993 12.4267 20.9655 18.95 18.0946 18.3045 16.4412 5.25031 21.4051 22.1193 18.9619 9.28267 20.9154 19.4382 20.177 21.1696 17.8269 19.5126 18.0493 19.1861 20.6689 18.5007 
	 CQI: 10 13 12 11 8 11 11 10 10 10 5 12 12 11 7 11 11 11 11 10 11 10 11 11 10 
	 MCS: 18 24 22 20 14 20 20 18 18 18 8 22 22 20 12 20 20 20 20 18 20 18 20 20 18 
	 TB: 308 506 433 363 203 363 363 308 308 308 89 433 433 363 159 363 363 363 363 308 363 308 363 363 308 
	 sinr: 23.149 23.7774 25.4671 23.7584 25.1931 22.5113 21.8668 25.6982 26.6909 23.546 25.913 22.083 23.981 22.9871 13.4826 23.4804 25.9767 22.4444 6.24559 21.6179 25.9277 15.744 22.6389 25.9156 16.9799 
	 CQI: 12 13 13 13 13 12 12 13 13 13 13 12 13 12 8 13 13 12 5 12 13 10 12 13 10 
	 MCS: 22 24 24 24 24 22 22 24 24 24 24 22 24 22 14 24 24 22 8 22 24 18 22 24 18 
	 TB: 433 506 506 506 506 433 433 506 506 506 506 433 506 433 203 506 506 433 89 433 506 308 433 506 308 
	 sinr: 23.7561 28.7037 32.5125 30.9668 31.5999 35.1049 35.2179 31.9435 30.0897 33.6576 25.5999 34.4203 33.4564 29.6262 21.1948 30.2991 22.1236 31.5879 27.4898 30.7719 33.8138 34.4203 34.9631 29.466 31.3336 
	 CQI: 13 14 14 14 14 15 15 14 14 14 13 14 14 14 11 14 12 14 13 14 14 14 15 14 14 
	 MCS: 24 26 26 26 26 28 28 26 26 26 24 26 26 26 20 26 22 26 24 26 26 26 28 26 26 
	 TB: 506 578 578 578 578 640 640 578 578 578 506 578 578 578 363 578 433 578 506 578 578 578 640 578 578 
 UserPosition X [at 347.677] -591.701 321.061 -1364.31 -889.145 -235.97 -1863.05 
 UserPosition Y [at 347.677] 553.284 1805.27 635.684 1142.45 -1593.3 329.305 
	 sinr: 21.7598 22.389 25.8135 22.8991 22.0606 21.98 19.0501 -16.7893 24.0409 19.9822 24.0465 23.1704 9.07428 22.3681 12.44 23.6221 23.4191 22.7308 24.6944 19.308 20.9453 24.0033 24.305 21.2069 20.2621 
	 CQI: 12 12 13 12 12 12 11 1 13 11 13 12 7 12 8 13 12 12 13 11 11 13 13 11 11 
	 MCS: 22 22 24 22 22 22 20 0 24 20 24 22 12 22 14 24 22 22 24 20 20 24 24 20 20 
	 TB: 433 433 506 433 433 433 363 0 506 363 506 433 159 433 203 506 433 433 506 363 363 506 506 363 363 
	 sinr: 29.279 41.6624 39.4207 43.0076 32.8664 43.1642 44.3538 43.606 36.4107 29.2445 34.1263 42.1262 41.7979 41.6515 37.6342 43.5172 41.9368 38.176 42.2664 41.2569 36.8864 41.6384 31.8743 38.4394 39.2608 
	 CQI: 14 15 15 15 14 15 15 15 15 14 14 15 15 15 15 15 15 15 15 15 15 15 14 15 15 
	 MCS: 26 28 28 28 26 28 28 28 28 26 26 28 28 28 28 28 28 28 28 28 28 28 26 28 28 
	 TB: 578 640 640 640 578 640 640 640 640 578 578 640 640 640 640 640 640 640 640 640 640 640 578 640 640 
	 sinr: 18.4058 14.6923 17.5768 20.4339 15.7279 10.8187 19.9726 19.3279 16.9763 19.0941 9.14426 17.9943 16.4714 17.7056 19.2251 14.6541 11.7771 20.0826 17.3992 13.2736 18.7596 20.5241 21.114 6.49639 16.642 
	 CQI: 10 9 10 11 10 7 11 11 10 11 7 10 10 10 11 9 8 11 10 8 11 11 11 5 10 
	 MCS: 18 16 18 20 18 12 20 20 18 20 12 18 18 18 20 16 14 20 18 14 20 20 20 8 18 
	 TB: 308 259 308 363 308 159 363 363 308 363 159 308 308 308 363 259 203 363 308 203 363 363 363 89 308 
	 sinr: 17.5867 23.8403 23.3458 21.4109 7.87505 21.2608 19.6 17.1788 15.9593 19.1041 12.6371 19.2355 19.6725 15.8829 16.7087 22.2159 19.7409 21.4603 20.9927 15.208 20.1133 19.5283 18.928 19.8139 13.9781 
	 CQI: 10 13 12 12 6 11 11 10 10 11 8 11 11 10 10 12 11 12 11 9 11 11 11 11 8 
	 MCS: 18 24 22 22 10 20 20 18 18 20 14 20 20 18 18 22 20 22 20 16 20 20 20 20 14 
	 TB: 308 506 433 433 123 363 363 308 308 363 203 363 363 308 308 433 363 433 363 259 363 363 363 363 203 
	 sinr: 21.3725 25.2082 25.942 24.0661 26.8319 18.8563 23.5351 26.0304 24.9203 21.975 25.4434 23.1366 25.2531 23.3517 18.8128 24.0077 25.5931 18.7195 16.5875 13.9924 25.4875 19.6406 18.4286 26.1293 15.3119 
	 CQI: 12 13 13 13 13 11 13 13 13 12 13 12 13 12 11 13 13 11 10 8 13 11 10 13 10 
	 MCS: 22 24 24 24 24 20 24 24 24 22 24 22 24 22 20 24 24 20 18 14 24 20 18 24 18 
	 TB: 433 506 506 506 506 363 506 506 506 433 506 433 506 433 363 506 506 363 308 203 506 363 308 506 308 
	 sinr: 21.1514 30.4953 32.5845 32.5437 29.0882 35.2179 35.0044 33.0104 30.6239 31.8377 28.658 35.1152 33.33 29.0547 27.0785 30.7646 20.743 31.8123 25.9183 31.3161 35.0056 35.1152 35.6169 18.9402 33.6997 
	 CQI: 11 14 14 14 14 15 15 14 14 14 14 15 14 14 13 14 11 14 13 14 15 15 15 11 14 
	 MCS: 20 26 26 26 26 28 28 26 26 26 26 28 26 26 24 26 20 26 24 26 28 28 28 20 26 
	 TB: 363 578 578 578 578 640 640 578 578 578 578 640 578 578 506 578 363 578 506 578 640 640 640 363 578 
 UserPosition X [at 347.678] -591.7 321.053 -1364.31 -889.152 -235.976 -1863.04 
 UserPosition Y [at 347.678] 553.276 1805.27 635.677 1142.45 -1593.29 329.313 
	 sinr: 21.9175 22.4368 25.8092 22.2568 18.2342 21.9179 19.0018 20.7772 25.277 20.8758 22.9274 23.3969 19.3081 21.5351 21.4938 24.3915 21.4628 22.3908 24.0656 22.2288 21.7339 25.0292 24.7392 22.0453 22.218 
	 CQI: 12 12 13 12 10 12 11 11 13 11 12 12 11 12 12 13 12 12 13 12 12 13 13 12 12 
	 MCS: 22 22 24 22 18 22 20 20 24 20 22 22 20 22 22 24 22 22 24 22 22 24 24 22 22 
	 TB: 433 433 506 433 308 433 363 363 506 363 433 433 363 433 433 506 433 433 506 433 433 506 506 433 433 
	 sinr: 31.6629 41.2214 40.7959 42.9913 34.3494 42.6683 43.1554 43.4533 34.4237 34.2523 36.9634 41.2843 42.1608 42.6002 36.9335 43.7527 42.9223 37.8854 43.1383 40.4707 36.4703 39.2428 26.8265 39.82 39.8037 
	 CQI: 14 15 15 15 14 15 15 15 14 14 15 15 15 15 15 15 15 15 15 15 15 15 13 15 15 
	 MCS: 26 28 28 28 26 28 28 28 26 26 28 28 28 28 28 28 28 28 28 28 28 28 24 28 28 
	 TB: 578 640 640 640 578 640 640 640 578 578 640 640 640 640 640 640 640 640 640 640 640 640 506 640 640 
	 sinr: 15.3211 17.6752 14.7644 19.7914 17.7619 13.6225 20.7091 20.2011 15.2173 19.4939 7.79697 18.1711 12.0121 16.6814 18.2542 19.1386 5.41338 20.2697 18.0973 18.1104 19.4815 19.3561 21.6231 12.2099 19.0002 
	 CQI: 10 10 9 11 10 8 11 11 10 11 6 10 8 10 10 11 5 11 10 10 11 11 12 8 11 
	 MCS: 18 18 16 20 18 14 20 20 18 20 10 18 14 18 18 20 8 20 18 18 20 20 22 14 20 
	 TB: 308 308 259 363 308 203 363 363 308 363 123 308 203 308 308 363 89 363 308 308 363 363 433 203 363 
	 sinr: 17.0541 23.904 23.606 20.9695 14.2473 21.0339 20.1425 14.5824 9.93173 20.1514 15.5446 13.0752 13.2657 8.69737 19.8133 23.034 19.8077 22.2573 20.5222 4.27775 20.532 20.2121 18.5881 18.358 13.7995 
	 CQI: 10 13 13 11 9 11 11 9 7 11 10 8 8 7 11 12 11 12 11 4 11 11 10 10 8 
	 MCS: 18 24 24 20 16 20 20 16 12 20 18 14 14 12 20 22 20 22 20 6 20 20 18 18 14 
	 TB: 308 506 506 363 259 363 363 259 159 363 308 203 203 159 363 433 363 433 363 59 363 363 308 308 203 
	 sinr: 17.1311 25.9156 25.9519 24.0887 27.6446 13.7217 24.5035 26.0574 21.2318 19.1823 24.4562 23.7987 25.8215 23.1887 20.6115 24.1521 24.935 15.3855 19.4717 20.2004 24.5615 23.2776 17.6843 25.9142 3.46004 
	 CQI: 10 13 13 13 13 8 13 13 11 11 13 13 13 12 11 13 13 10 11 11 13 12 10 13 4 
	 MCS: 18 24 24 24 24 14 24 24 20 20 24 24 24 22 20 24 24 18 20 20 24 22 18 24 6 
	 TB: 308 506 506 506 506 203 506 506 363 363 506 506 506 433 363 506 506 308 363 363 506 433 308 506 59 
	 sinr: 26.2678 31.5546 32.419 33.3851 21.5962 35.0044 34.4746 33.6158 30.8865 27.9006 30.2938 35.3631 32.9035 27.4053 30.4638 30.9489 26.0145 31.6163 23.9479 31.2701 35.6453 35.3631 35.8121 30.3645 34.9631 
	 CQI: 13 14 14 14 12 15 14 14 14 13 14 15 14 13 14 14 13 14 13 14 15 15 15 14 15 
	 MCS: 24 26 26 26 22 28 26 26 26 24 26 28 26 24 26 26 24 26 24 26 28 28 28 26 28 
	 TB: 506 578 578 578 433 640 578 578 578 506 578 640 578 506 578 578 506 578 506 578 640 640 640 578 640 
 UserPosition X [at 347.679] -591.699 321.045 -1364.3 -889.16 -235.982 -1863.04 
 UserPosition Y [at 347.679] 553.268 1805.27 635.671 1142.45 -1593.29 329.322 
	 sinr: 21.5139 22.0048 25.3027 21.0513 14.8001 21.4071 18.0312 23.7282 25.8509 21.1835 20.7636 23.0412 22.2289 20.0768 24.0469 24.8238 17.1652 21.5396 22.7505 23.5895 22.0915 25.4552 24.7509 22.4325 23.3683 
	 CQI: 12 12 13 11 9 12 10 13 13 11 11 12 12 11 13 13 10 12 12 13 12 13 13 12 12 
	 MCS: 22 22 24 20 16 22 18 24 24 20 20 22 22 20 24 24 18 22 22 24 22 24 24 22 22 
	 TB: 433 433 506 363 259 433 308 506 506 363 363 433 433 363 506 506 308 433 433 506 433 506 506 433 433 
	 sinr: 34.0961 40.1427 41.569 42.5658 35.4064 41.6623 40.8902 42.871 30.151 37.6498 38.6761 39.5083 42.1953 43.0082 35.4761 43.5872 43.4052 37.3933 43.4885 38.5526 35.5893 30.758 33.3292 40.5725 40.1826 
	 CQI: 14 15 15 15 15 15 15 15 14 15 15 15 15 15 15 15 15 15 15 15 15 14 14 15 15 
	 MCS: 26 28 28 28 28 28 28 28 26 28 28 28 28 28 28 28 28 28 28 28 28 26 26 28 28 
	 TB: 578 640 640 640 640 640 640 640 578 640 640 640 640 640 640 640 640 640 640 640 640 578 578 640 640 
	 sinr: 7.75336 19.1092 4.37234 18.571 18.9235 14.9528 20.9057 20.5999 11.7332 19.472 12.448 17.6184 11.7773 14.2181 16.3444 21.0649 13.4007 19.8726 18.211 20.0221 19.6175 17.2368 21.7274 14.4427 20.3461 
	 CQI: 6 11 4 10 11 9 11 11 8 11 8 10 8 8 10 11 8 11 10 11 11 10 12 9 11 
	 MCS: 10 20 6 18 20 16 20 20 14 20 14 18 14 14 18 20 14 20 18 20 20 18 22 16 20 
	 TB: 123 363 59 308 363 259 363 363 203 363 203 308 203 203 308 363 203 363 308 363 363 308 433 259 363 
	 sinr: 15.999 23.6985 23.5032 19.7308 16.1621 20.1905 20.521 3.63367 12.0121 20.3941 17.3058 16.7238 16.5175 17.5642 21.289 23.4384 19.7168 22.708 19.6385 16.3549 20.7488 20.3828 18.1547 15.7394 18.5267 
	 CQI: 10 13 13 11 10 11 11 4 8 11 10 10 10 10 11 12 11 12 11 10 11 11 10 10 10 
	 MCS: 18 24 24 20 18 20 20 6 14 20 18 18 18 18 20 22 20 22 20 18 20 20 18 18 18 
	 TB: 308 506 506 363 308 363 363 59 203 363 308 308 308 308 363 433 363 433 363 308 363 363 308 308 308 
	 sinr: 15.9915 26.1294 25.4883 23.8446 27.9249 20.6007 25.0532 25.7594 16.8651 9.94412 22.5945 24.2016 25.8822 22.4963 21.3581 23.9481 23.9381 21.424 20.8195 23.6497 22.8959 24.9369 22.8162 25.2434 16.5102 
	 CQI: 10 13 13 13 13 11 13 13 10 7 12 13 13 12 12 13 13 12 11 13 12 13 12 13 10 
	 MCS: 18 24 24 24 24 20 24 24 18 12 22 24 24 22 22 24 24 22 20 24 22 24 22 24 18 
	 TB: 308 506 506 506 506 363 506 506 308 159 433 506 506 433 433 506 506 433 363 506 433 506 433 506 308 
	 sinr: 27.7411 32.1867 32.0035 33.7706 26.7049 34.4746 33.6006 33.8538 30.8521 25.4129 31.2095 35.2245 32.1216 22.7459 32.1321 30.858 28.2083 30.9799 20.8266 30.6159 35.8737 35.2245 35.5795 33.1244 35.6169 
	 CQI: 13 14 14 14 13 14 14 14 14 13 14 15 14 12 14 14 13 14 11 14 15 15 15 14 15 
	 MCS: 24 26 26 26 24 26 26 26 26 24 26 28 26 22 26 26 24 26 20 26 28 28 28 26 28 
	 TB: 506 578 578 578 506 578 578 578 578 506 578 640 578 433 578 578 506 578 363 578 640 640 640 578 640 
