Created Cell, id 0, pos: 0 0
Created Cell, id 1, pos: 0 1732.05
Created Cell, id 2, pos: -1500 866.025
Created Cell, id 3, pos: -1500 -866.025
Created Cell, id 4, pos: 0 -1732.05
Created Cell, id 5, pos: 1500 -866.025
Created Cell, id 6, pos: 1500 866.025
Created enb, id 0, cell id 0, pos: 0 0, channels id 00
BandwidthManager: 0x7ff1c8501290
	 operative sub band: 1
	 m_dlBandwidth 10
	 m_ulBandwidth 10
	 m_dlOffsetBw 0
	 m_ulOffsetBw 0
	 DL channels: 2110 2110.18 2110.36 2110.54 2110.72 2110.9 2111.08 2111.26 2111.44 2111.62 2111.8 2111.98 2112.16 2112.34 2112.52 2112.7 2112.88 2113.06 2113.24 2113.42 2113.6 2113.78 2113.96 2114.14 2114.32 2114.5 2114.68 2114.86 2115.04 2115.22 2115.4 2115.58 2115.76 2115.94 2116.12 2116.3 2116.48 2116.66 2116.84 2117.02 2117.2 2117.38 2117.56 2117.74 2117.92 2118.1 2118.28 2118.46 2118.64 2118.82 
	 UL channels: 1920 1920.18 1920.36 1920.54 1920.72 1920.9 1921.08 1921.26 1921.44 1921.62 1921.8 1921.98 1922.16 1922.34 1922.52 1922.7 1922.88 1923.06 1923.24 1923.42 1923.6 1923.78 1923.96 1924.14 1924.32 1924.5 1924.68 1924.86 1925.04 1925.22 1925.4 1925.58 1925.76 1925.94 1926.12 1926.3 1926.48 1926.66 1926.84 1927.02 1927.2 1927.38 1927.56 1927.74 1927.92 1928.1 1928.28 1928.46 1928.64 1928.82 
Created enb, id 1, cell id 1, pos: 0 1732.05, channels id 11
BandwidthManager: 0x7ff1c8501300
	 operative sub band: 1
	 m_dlBandwidth 10
	 m_ulBandwidth 10
	 m_dlOffsetBw 50
	 m_ulOffsetBw 50
	 DL channels: 2119 2119.18 2119.36 2119.54 2119.72 2119.9 2120.08 2120.26 2120.44 2120.62 2120.8 2120.98 2121.16 2121.34 2121.52 2121.7 2121.88 2122.06 2122.24 2122.42 2122.6 2122.78 2122.96 2123.14 2123.32 2123.5 2123.68 2123.86 2124.04 2124.22 2124.4 2124.58 2124.76 2124.94 2125.12 2125.3 2125.48 2125.66 2125.84 2126.02 2126.2 2126.38 2126.56 2126.74 2126.92 2127.1 2127.28 2127.46 2127.64 2127.82 
	 UL channels: 1929 1929.18 1929.36 1929.54 1929.72 1929.9 1930.08 1930.26 1930.44 1930.62 1930.8 1930.98 1931.16 1931.34 1931.52 1931.7 1931.88 1932.06 1932.24 1932.42 1932.6 1932.78 1932.96 1933.14 1933.32 1933.5 1933.68 1933.86 1934.04 1934.22 1934.4 1934.58 1934.76 1934.94 1935.12 1935.3 1935.48 1935.66 1935.84 1936.02 1936.2 1936.38 1936.56 1936.74 1936.92 1937.1 1937.28 1937.46 1937.64 1937.82 
Created enb, id 2, cell id 2, pos: -1500 866.025, channels id 22
BandwidthManager: 0x7ff1c85018f0
	 operative sub band: 1
	 m_dlBandwidth 10
	 m_ulBandwidth 10
	 m_dlOffsetBw 100
	 m_ulOffsetBw 100
	 DL channels: 2128 2128.18 2128.36 2128.54 2128.72 2128.9 2129.08 2129.26 2129.44 2129.62 2129.8 2129.98 2130.16 2130.34 2130.52 2130.7 2130.88 2131.06 2131.24 2131.42 2131.6 2131.78 2131.96 2132.14 2132.32 2132.5 2132.68 2132.86 2133.04 2133.22 2133.4 2133.58 2133.76 2133.94 2134.12 2134.3 2134.48 2134.66 2134.84 2135.02 2135.2 2135.38 2135.56 2135.74 2135.92 2136.1 2136.28 2136.46 2136.64 2136.82 
	 UL channels: 1938 1938.18 1938.36 1938.54 1938.72 1938.9 1939.08 1939.26 1939.44 1939.62 1939.8 1939.98 1940.16 1940.34 1940.52 1940.7 1940.88 1941.06 1941.24 1941.42 1941.6 1941.78 1941.96 1942.14 1942.32 1942.5 1942.68 1942.86 1943.04 1943.22 1943.4 1943.58 1943.76 1943.94 1944.12 1944.3 1944.48 1944.66 1944.84 1945.02 1945.2 1945.38 1945.56 1945.74 1945.92 1946.1 1946.28 1946.46 1946.64 1946.82 
Created enb, id 3, cell id 3, pos: -1500 -866.025, channels id 33
BandwidthManager: 0x7ff1c8501970
	 operative sub band: 1
	 m_dlBandwidth 10
	 m_ulBandwidth 10
	 m_dlOffsetBw 0
	 m_ulOffsetBw 0
	 DL channels: 2110 2110.18 2110.36 2110.54 2110.72 2110.9 2111.08 2111.26 2111.44 2111.62 2111.8 2111.98 2112.16 2112.34 2112.52 2112.7 2112.88 2113.06 2113.24 2113.42 2113.6 2113.78 2113.96 2114.14 2114.32 2114.5 2114.68 2114.86 2115.04 2115.22 2115.4 2115.58 2115.76 2115.94 2116.12 2116.3 2116.48 2116.66 2116.84 2117.02 2117.2 2117.38 2117.56 2117.74 2117.92 2118.1 2118.28 2118.46 2118.64 2118.82 
	 UL channels: 1920 1920.18 1920.36 1920.54 1920.72 1920.9 1921.08 1921.26 1921.44 1921.62 1921.8 1921.98 1922.16 1922.34 1922.52 1922.7 1922.88 1923.06 1923.24 1923.42 1923.6 1923.78 1923.96 1924.14 1924.32 1924.5 1924.68 1924.86 1925.04 1925.22 1925.4 1925.58 1925.76 1925.94 1926.12 1926.3 1926.48 1926.66 1926.84 1927.02 1927.2 1927.38 1927.56 1927.74 1927.92 1928.1 1928.28 1928.46 1928.64 1928.82 
Created enb, id 4, cell id 4, pos: 0 -1732.05, channels id 44
BandwidthManager: 0x7ff1c85021f0
	 operative sub band: 1
	 m_dlBandwidth 10
	 m_ulBandwidth 10
	 m_dlOffsetBw 50
	 m_ulOffsetBw 50
	 DL channels: 2119 2119.18 2119.36 2119.54 2119.72 2119.9 2120.08 2120.26 2120.44 2120.62 2120.8 2120.98 2121.16 2121.34 2121.52 2121.7 2121.88 2122.06 2122.24 2122.42 2122.6 2122.78 2122.96 2123.14 2123.32 2123.5 2123.68 2123.86 2124.04 2124.22 2124.4 2124.58 2124.76 2124.94 2125.12 2125.3 2125.48 2125.66 2125.84 2126.02 2126.2 2126.38 2126.56 2126.74 2126.92 2127.1 2127.28 2127.46 2127.64 2127.82 
	 UL channels: 1929 1929.18 1929.36 1929.54 1929.72 1929.9 1930.08 1930.26 1930.44 1930.62 1930.8 1930.98 1931.16 1931.34 1931.52 1931.7 1931.88 1932.06 1932.24 1932.42 1932.6 1932.78 1932.96 1933.14 1933.32 1933.5 1933.68 1933.86 1934.04 1934.22 1934.4 1934.58 1934.76 1934.94 1935.12 1935.3 1935.48 1935.66 1935.84 1936.02 1936.2 1936.38 1936.56 1936.74 1936.92 1937.1 1937.28 1937.46 1937.64 1937.82 
Created enb, id 5, cell id 5, pos: 1500 -866.025, channels id 55
BandwidthManager: 0x7ff1c8502290
	 operative sub band: 1
	 m_dlBandwidth 10
	 m_ulBandwidth 10
	 m_dlOffsetBw 100
	 m_ulOffsetBw 100
	 DL channels: 2128 2128.18 2128.36 2128.54 2128.72 2128.9 2129.08 2129.26 2129.44 2129.62 2129.8 2129.98 2130.16 2130.34 2130.52 2130.7 2130.88 2131.06 2131.24 2131.42 2131.6 2131.78 2131.96 2132.14 2132.32 2132.5 2132.68 2132.86 2133.04 2133.22 2133.4 2133.58 2133.76 2133.94 2134.12 2134.3 2134.48 2134.66 2134.84 2135.02 2135.2 2135.38 2135.56 2135.74 2135.92 2136.1 2136.28 2136.46 2136.64 2136.82 
	 UL channels: 1938 1938.18 1938.36 1938.54 1938.72 1938.9 1939.08 1939.26 1939.44 1939.62 1939.8 1939.98 1940.16 1940.34 1940.52 1940.7 1940.88 1941.06 1941.24 1941.42 1941.6 1941.78 1941.96 1942.14 1942.32 1942.5 1942.68 1942.86 1943.04 1943.22 1943.4 1943.58 1943.76 1943.94 1944.12 1944.3 1944.48 1944.66 1944.84 1945.02 1945.2 1945.38 1945.56 1945.74 1945.92 1946.1 1946.28 1946.46 1946.64 1946.82 
Created enb, id 6, cell id 6, pos: 1500 866.025, channels id 66
BandwidthManager: 0x7ff1c8501360
	 operative sub band: 1
	 m_dlBandwidth 10
	 m_ulBandwidth 10
	 m_dlOffsetBw 0
	 m_ulOffsetBw 0
	 DL channels: 2110 2110.18 2110.36 2110.54 2110.72 2110.9 2111.08 2111.26 2111.44 2111.62 2111.8 2111.98 2112.16 2112.34 2112.52 2112.7 2112.88 2113.06 2113.24 2113.42 2113.6 2113.78 2113.96 2114.14 2114.32 2114.5 2114.68 2114.86 2115.04 2115.22 2115.4 2115.58 2115.76 2115.94 2116.12 2116.3 2116.48 2116.66 2116.84 2117.02 2117.2 2117.38 2117.56 2117.74 2117.92 2118.1 2118.28 2118.46 2118.64 2118.82 
	 UL channels: 1920 1920.18 1920.36 1920.54 1920.72 1920.9 1921.08 1921.26 1921.44 1921.62 1921.8 1921.98 1922.16 1922.34 1922.52 1922.7 1922.88 1923.06 1923.24 1923.42 1923.6 1923.78 1923.96 1924.14 1924.32 1924.5 1924.68 1924.86 1925.04 1925.22 1925.4 1925.58 1925.76 1925.94 1926.12 1926.3 1926.48 1926.66 1926.84 1927.02 1927.2 1927.38 1927.56 1927.74 1927.92 1928.1 1928.28 1928.46 1928.64 1928.82 
