Created Cell, id 0, pos: 0 0
Created Cell, id 1, pos: 0 1732.05
Created Cell, id 2, pos: -1500 866.025
Created Cell, id 3, pos: -1500 -866.025
Created Cell, id 4, pos: 0 -1732.05
Created Cell, id 5, pos: 1500 -866.025
Created Cell, id 6, pos: 1500 866.025
Created enb, id 0, cell id 0, pos: 0 0, channels id 00
BandwidthManager: 0x7f9f0ac03270
	 operative sub band: 1
	 m_dlBandwidth 10
	 m_ulBandwidth 10
	 m_dlOffsetBw 0
	 m_ulOffsetBw 0
	 DL channels: 2110 2110.18 2110.36 2110.54 2110.72 2110.9 2111.08 2111.26 2111.44 2111.62 2111.8 2111.98 2112.16 2112.34 2112.52 2112.7 2112.88 2113.06 2113.24 2113.42 2113.6 2113.78 2113.96 2114.14 2114.32 2114.5 2114.68 2114.86 2115.04 2115.22 2115.4 2115.58 2115.76 2115.94 2116.12 2116.3 2116.48 2116.66 2116.84 2117.02 2117.2 2117.38 2117.56 2117.74 2117.92 2118.1 2118.28 2118.46 2118.64 2118.82 
	 UL channels: 1920 1920.18 1920.36 1920.54 1920.72 1920.9 1921.08 1921.26 1921.44 1921.62 1921.8 1921.98 1922.16 1922.34 1922.52 1922.7 1922.88 1923.06 1923.24 1923.42 1923.6 1923.78 1923.96 1924.14 1924.32 1924.5 1924.68 1924.86 1925.04 1925.22 1925.4 1925.58 1925.76 1925.94 1926.12 1926.3 1926.48 1926.66 1926.84 1927.02 1927.2 1927.38 1927.56 1927.74 1927.92 1928.1 1928.28 1928.46 1928.64 1928.82 
Created enb, id 1, cell id 1, pos: 0 1732.05, channels id 11
BandwidthManager: 0x7f9f0ac032e0
	 operative sub band: 1
	 m_dlBandwidth 10
	 m_ulBandwidth 10
	 m_dlOffsetBw 0
	 m_ulOffsetBw 0
	 DL channels: 2110 2110.18 2110.36 2110.54 2110.72 2110.9 2111.08 2111.26 2111.44 2111.62 2111.8 2111.98 2112.16 2112.34 2112.52 2112.7 2112.88 2113.06 2113.24 2113.42 2113.6 2113.78 2113.96 2114.14 2114.32 2114.5 2114.68 2114.86 2115.04 2115.22 2115.4 2115.58 2115.76 2115.94 2116.12 2116.3 2116.48 2116.66 2116.84 2117.02 2117.2 2117.38 2117.56 2117.74 2117.92 2118.1 2118.28 2118.46 2118.64 2118.82 
	 UL channels: 1920 1920.18 1920.36 1920.54 1920.72 1920.9 1921.08 1921.26 1921.44 1921.62 1921.8 1921.98 1922.16 1922.34 1922.52 1922.7 1922.88 1923.06 1923.24 1923.42 1923.6 1923.78 1923.96 1924.14 1924.32 1924.5 1924.68 1924.86 1925.04 1925.22 1925.4 1925.58 1925.76 1925.94 1926.12 1926.3 1926.48 1926.66 1926.84 1927.02 1927.2 1927.38 1927.56 1927.74 1927.92 1928.1 1928.28 1928.46 1928.64 1928.82 
Created enb, id 2, cell id 2, pos: -1500 866.025, channels id 22
BandwidthManager: 0x7f9f0ac038d0
	 operative sub band: 1
	 m_dlBandwidth 10
	 m_ulBandwidth 10
	 m_dlOffsetBw 0
	 m_ulOffsetBw 0
	 DL channels: 2110 2110.18 2110.36 2110.54 2110.72 2110.9 2111.08 2111.26 2111.44 2111.62 2111.8 2111.98 2112.16 2112.34 2112.52 2112.7 2112.88 2113.06 2113.24 2113.42 2113.6 2113.78 2113.96 2114.14 2114.32 2114.5 2114.68 2114.86 2115.04 2115.22 2115.4 2115.58 2115.76 2115.94 2116.12 2116.3 2116.48 2116.66 2116.84 2117.02 2117.2 2117.38 2117.56 2117.74 2117.92 2118.1 2118.28 2118.46 2118.64 2118.82 
	 UL channels: 1920 1920.18 1920.36 1920.54 1920.72 1920.9 1921.08 1921.26 1921.44 1921.62 1921.8 1921.98 1922.16 1922.34 1922.52 1922.7 1922.88 1923.06 1923.24 1923.42 1923.6 1923.78 1923.96 1924.14 1924.32 1924.5 1924.68 1924.86 1925.04 1925.22 1925.4 1925.58 1925.76 1925.94 1926.12 1926.3 1926.48 1926.66 1926.84 1927.02 1927.2 1927.38 1927.56 1927.74 1927.92 1928.1 1928.28 1928.46 1928.64 1928.82 
Created enb, id 3, cell id 3, pos: -1500 -866.025, channels id 33
BandwidthManager: 0x7f9f0ac03950
	 operative sub band: 1
	 m_dlBandwidth 10
	 m_ulBandwidth 10
	 m_dlOffsetBw 0
	 m_ulOffsetBw 0
	 DL channels: 2110 2110.18 2110.36 2110.54 2110.72 2110.9 2111.08 2111.26 2111.44 2111.62 2111.8 2111.98 2112.16 2112.34 2112.52 2112.7 2112.88 2113.06 2113.24 2113.42 2113.6 2113.78 2113.96 2114.14 2114.32 2114.5 2114.68 2114.86 2115.04 2115.22 2115.4 2115.58 2115.76 2115.94 2116.12 2116.3 2116.48 2116.66 2116.84 2117.02 2117.2 2117.38 2117.56 2117.74 2117.92 2118.1 2118.28 2118.46 2118.64 2118.82 
	 UL channels: 1920 1920.18 1920.36 1920.54 1920.72 1920.9 1921.08 1921.26 1921.44 1921.62 1921.8 1921.98 1922.16 1922.34 1922.52 1922.7 1922.88 1923.06 1923.24 1923.42 1923.6 1923.78 1923.96 1924.14 1924.32 1924.5 1924.68 1924.86 1925.04 1925.22 1925.4 1925.58 1925.76 1925.94 1926.12 1926.3 1926.48 1926.66 1926.84 1927.02 1927.2 1927.38 1927.56 1927.74 1927.92 1928.1 1928.28 1928.46 1928.64 1928.82 
Created enb, id 4, cell id 4, pos: 0 -1732.05, channels id 44
BandwidthManager: 0x7f9f0ac041d0
	 operative sub band: 1
	 m_dlBandwidth 10
	 m_ulBandwidth 10
	 m_dlOffsetBw 0
	 m_ulOffsetBw 0
	 DL channels: 2110 2110.18 2110.36 2110.54 2110.72 2110.9 2111.08 2111.26 2111.44 2111.62 2111.8 2111.98 2112.16 2112.34 2112.52 2112.7 2112.88 2113.06 2113.24 2113.42 2113.6 2113.78 2113.96 2114.14 2114.32 2114.5 2114.68 2114.86 2115.04 2115.22 2115.4 2115.58 2115.76 2115.94 2116.12 2116.3 2116.48 2116.66 2116.84 2117.02 2117.2 2117.38 2117.56 2117.74 2117.92 2118.1 2118.28 2118.46 2118.64 2118.82 
	 UL channels: 1920 1920.18 1920.36 1920.54 1920.72 1920.9 1921.08 1921.26 1921.44 1921.62 1921.8 1921.98 1922.16 1922.34 1922.52 1922.7 1922.88 1923.06 1923.24 1923.42 1923.6 1923.78 1923.96 1924.14 1924.32 1924.5 1924.68 1924.86 1925.04 1925.22 1925.4 1925.58 1925.76 1925.94 1926.12 1926.3 1926.48 1926.66 1926.84 1927.02 1927.2 1927.38 1927.56 1927.74 1927.92 1928.1 1928.28 1928.46 1928.64 1928.82 
Created enb, id 5, cell id 5, pos: 1500 -866.025, channels id 55
BandwidthManager: 0x7f9f0ac04270
	 operative sub band: 1
	 m_dlBandwidth 10
	 m_ulBandwidth 10
	 m_dlOffsetBw 0
	 m_ulOffsetBw 0
	 DL channels: 2110 2110.18 2110.36 2110.54 2110.72 2110.9 2111.08 2111.26 2111.44 2111.62 2111.8 2111.98 2112.16 2112.34 2112.52 2112.7 2112.88 2113.06 2113.24 2113.42 2113.6 2113.78 2113.96 2114.14 2114.32 2114.5 2114.68 2114.86 2115.04 2115.22 2115.4 2115.58 2115.76 2115.94 2116.12 2116.3 2116.48 2116.66 2116.84 2117.02 2117.2 2117.38 2117.56 2117.74 2117.92 2118.1 2118.28 2118.46 2118.64 2118.82 
	 UL channels: 1920 1920.18 1920.36 1920.54 1920.72 1920.9 1921.08 1921.26 1921.44 1921.62 1921.8 1921.98 1922.16 1922.34 1922.52 1922.7 1922.88 1923.06 1923.24 1923.42 1923.6 1923.78 1923.96 1924.14 1924.32 1924.5 1924.68 1924.86 1925.04 1925.22 1925.4 1925.58 1925.76 1925.94 1926.12 1926.3 1926.48 1926.66 1926.84 1927.02 1927.2 1927.38 1927.56 1927.74 1927.92 1928.1 1928.28 1928.46 1928.64 1928.82 
Created enb, id 6, cell id 6, pos: 1500 866.025, channels id 66
BandwidthManager: 0x7f9f0ac03340
	 operative sub band: 1
	 m_dlBandwidth 10
	 m_ulBandwidth 10
	 m_dlOffsetBw 0
	 m_ulOffsetBw 0
	 DL channels: 2110 2110.18 2110.36 2110.54 2110.72 2110.9 2111.08 2111.26 2111.44 2111.62 2111.8 2111.98 2112.16 2112.34 2112.52 2112.7 2112.88 2113.06 2113.24 2113.42 2113.6 2113.78 2113.96 2114.14 2114.32 2114.5 2114.68 2114.86 2115.04 2115.22 2115.4 2115.58 2115.76 2115.94 2116.12 2116.3 2116.48 2116.66 2116.84 2117.02 2117.2 2117.38 2117.56 2117.74 2117.92 2118.1 2118.28 2118.46 2118.64 2118.82 
	 UL channels: 1920 1920.18 1920.36 1920.54 1920.72 1920.9 1921.08 1921.26 1921.44 1921.62 1921.8 1921.98 1922.16 1922.34 1922.52 1922.7 1922.88 1923.06 1923.24 1923.42 1923.6 1923.78 1923.96 1924.14 1924.32 1924.5 1924.68 1924.86 1925.04 1925.22 1925.4 1925.58 1925.76 1925.94 1926.12 1926.3 1926.48 1926.66 1926.84 1927.02 1927.2 1927.38 1927.56 1927.74 1927.92 1928.1 1928.28 1928.46 1928.64 1928.82 
