Created Cell, id 0, pos: 0 0
Created enb, id 0, cell id 0, pos: 0 0, channels id 00
BandwidthManager: 0x7fcdf0403270
	 operative sub band: 1
	 m_dlBandwidth 5
	 m_ulBandwidth 5
	 m_dlOffsetBw 0
	 m_ulOffsetBw 0
	 DL channels: 2110 2110.18 2110.36 2110.54 2110.72 2110.9 2111.08 2111.26 2111.44 2111.62 2111.8 2111.98 2112.16 2112.34 2112.52 2112.7 2112.88 2113.06 2113.24 2113.42 2113.6 2113.78 2113.96 2114.14 2114.32 
	 UL channels: 1920 1920.18 1920.36 1920.54 1920.72 1920.9 1921.08 1921.26 1921.44 1921.62 1921.8 1921.98 1922.16 1922.34 1922.52 1922.7 1922.88 1923.06 1923.24 1923.42 1923.6 1923.78 1923.96 1924.14 1924.32 
