0.5 	0 	38.0042
0.5 	1 	31.4257
0.5 	2 	33.4817
0.5 	3 	29.4196
0.5 	4 	35.4084
0.5 	5 	30.918
0.501 	0 	37.8892
0.501 	1 	31.3245
0.501 	2 	33.0652
0.501 	3 	29.1514
0.501 	4 	35.5349
0.501 	5 	30.9244
0.502 	0 	37.7666
0.502 	1 	31.2153
0.502 	2 	32.6049
0.502 	3 	28.8531
0.502 	4 	35.6546
0.502 	5 	30.9276
0.503 	0 	37.6362
0.503 	1 	31.0978
0.503 	2 	32.091
0.503 	3 	28.5198
0.503 	4 	35.7678
0.503 	5 	30.9277
0.504 	0 	37.4973
0.504 	1 	30.9716
0.504 	2 	31.51
0.504 	3 	28.1451
0.504 	4 	35.8749
0.504 	5 	30.9248
0.54 	0 	34.6429
0.54 	1 	27.2078
0.54 	2 	35.9596
0.54 	3 	33.3281
0.54 	4 	36.7891
0.54 	5 	28.9305
0.541 	0 	34.9821
0.541 	1 	27.5622
0.541 	2 	36.0282
0.541 	3 	33.4779
0.541 	4 	36.7433
0.541 	5 	28.812
0.542 	0 	35.2929
0.58 	0 	39.2134
0.58 	1 	30.5125
0.58 	2 	33.6386
0.62 	0 	35.6132
0.62 	1 	19.6225
0.62 	2 	34.4919
0.62 	3 	30.2934
0.62 	4 	35.9693
0.62 	5 	32.5336
0.621 	0 	35.369
0.66 	0 	35.2453
0.66 	1 	24.8191
0.66 	2 	34.7218
0.66 	3 	31.712
0.7 	0 	34.9322
0.7 	1 	34.8612
0.7 	2 	31.4539
0.7 	3 	29.0809
0.7 	4 	29.0234
0.7 	5 	32.1504
0.701 	0 	34.7827
0.701 	1 	34.9541
0.74 	0 	33.2269
0.74 	1 	35.8627
0.74 	2 	34.6383
0.78 	0 	35.349
0.78 	1 	17.7801
0.78 	2 	26.6416
0.78 	3 	28.8105
0.82 	0 	28.0292
0.82 	1 	36.5923
0.82 	2 	34.5022
0.86 	0 	34.8753
0.86 	1 	35.8297
0.86 	2 	26.3906
0.86 	3 	30.6095
0.86 	4 	30.9033
0.86 	5 	35.3782
0.861 	0 	34.858
0.861 	1 	35.7191
0.861 	2 	25.3194
0.861 	3 	30.867
0.861 	4 	30.8917
1.501 	2 	39.8211
1.501 	4 	38.501
1.501 	5 	37.2041
1.501 	0 	48.7319
1.501 	1 	41.122
1.501 	3 	42.5693
1.502 	2 	39.9662
1.502 	4 	38.5183
1.502 	5 	37.1996
1.502 	0 	48.6942
1.502 	1 	40.7711
1.502 	3 	42.5333
1.503 	2 	40.1027
1.503 	4 	38.5322
1.503 	5 	37.1916
1.503 	0 	48.6525
1.503 	1 	40.3877
1.503 	3 	42.4948
1.504 	2 	40.2311
1.504 	4 	38.5429
1.504 	5 	37.1801
1.504 	0 	48.6068
1.504 	1 	39.9655
1.504 	3 	42.4535
1.505 	2 	40.3519
1.505 	4 	38.5501
1.505 	5 	37.1653
1.505 	0 	48.5569
1.505 	1 	39.4967
1.505 	3 	42.4097
1.506 	2 	40.4654
1.506 	4 	38.5541
1.506 	5 	37.147
1.506 	0 	48.5028
1.506 	1 	38.9703
1.506 	3 	42.3631
1.507 	2 	40.5722
1.507 	4 	38.5546
1.507 	5 	37.1254
1.507 	0 	48.4444
1.507 	1 	38.3708
1.507 	3 	42.3139
1.508 	2 	40.6724
1.508 	4 	38.5517
1.508 	5 	37.1003
1.508 	0 	48.3815
1.508 	1 	37.6754
1.508 	3 	42.262
1.509 	1 	26.6265
1.509 	0 	48.314
1.541 	1 	36.3393
1.541 	2 	41.3704
1.541 	3 	36.0006
1.541 	4 	35.7806
1.541 	0 	40.6408
1.541 	5 	36.0166
1.542 	0 	39.7504
1.542 	1 	43.2742
1.542 	2 	41.8015
1.542 	3 	37.9762
1.542 	4 	43.2541
1.542 	5 	34.626
1.543 	0 	33.4244
1.543 	1 	36.4963
1.543 	2 	41.2737
1.543 	3 	36.1155
1.543 	4 	35.3157
1.543 	5 	33.7273
1.544 	2 	41.2192
1.544 	0 	37.1078
1.544 	1 	43.421
1.581 	3 	36.65
1.581 	4 	37.0671
1.581 	5 	30.5743
1.581 	0 	47.7052
1.581 	1 	39.8341
1.581 	2 	42.4138
1.621 	0 	35.6227
1.621 	1 	34.8705
1.621 	2 	38.6426
1.621 	3 	45.5186
1.621 	4 	47.2154
1.621 	5 	46.9078
1.661 	0 	37.6487
1.661 	1 	35.8697
1.661 	2 	34.6133
1.661 	3 	46.079
1.661 	4 	45.7206
1.661 	5 	35.6534
1.701 	2 	37.4767
1.701 	4 	38.0068
1.701 	0 	46.6368
1.701 	1 	38.0972
1.701 	3 	40.3984
1.701 	5 	43.995
1.702 	0 	17.6498
1.702 	1 	32.2836
1.702 	2 	37.567
1.702 	3 	29.3792
1.702 	4 	38.0922
1.702 	5 	43.9988
1.703 	1 	32.6162
1.703 	2 	37.6501
1.703 	3 	28.7551
1.703 	4 	38.1719
1.703 	5 	30.7158
1.703 	0 	46.66
1.741 	3 	36.4277
1.741 	4 	38.0418
1.741 	5 	35.6732
1.741 	0 	44.3615
1.741 	1 	47.3254
1.741 	2 	45.9214
1.781 	2 	35.1525
1.781 	3 	37.3516
1.781 	0 	38.4971
1.781 	1 	42.0817
1.821 	2 	36.6986
1.821 	3 	29.6651
1.821 	0 	42.8047
1.821 	1 	48.146
1.861 	0 	39.6574
1.861 	1 	32.5016
1.861 	2 	32.2273
1.861 	3 	37.8735
1.861 	4 	35.2932
1.861 	5 	33.299
1.862 	0 	40.1651
1.862 	1 	48.8254
1.862 	2 	33.6329
1.862 	3 	46.6874
1.862 	4 	27.8156
1.862 	5 	35.2177
1.863 	4 	35.0317
1.863 	0 	40.0168
1.863 	1 	48.7589
1.863 	2 	30.6822
1.863 	3 	46.6095
1.863 	5 	34.7917
1.864 	0 	39.5225
1.864 	1 	31.4612
1.864 	2 	33.3487
1.864 	3 	46.5257
2.501 	2 	34.8606
2.501 	3 	37.3919
2.501 	0 	40.6007
2.501 	1 	35.4053
2.501 	4 	35.4681
2.501 	5 	37.1732
2.502 	0 	28.9937
2.502 	1 	28.9582
2.502 	2 	32.1873
2.502 	3 	30.0523
2.502 	4 	29.9301
2.502 	5 	32.6195
2.503 	0 	32.1127
2.503 	1 	29.7162
2.503 	2 	20.4233
2.503 	3 	23.8477
2.503 	4 	30.78
2.503 	5 	29.959
2.504 	0 	36.4583
2.504 	1 	35.589
2.504 	2 	35.9092
2.504 	3 	36.6549
2.504 	4 	35.9798
2.504 	5 	36.9739
2.505 	0 	31.7146
2.505 	1 	32.1203
2.505 	2 	34.5258
2.505 	3 	37.1497
2.505 	4 	28.7442
2.505 	5 	30.8833
2.506 	0 	40.1981
2.506 	1 	35.2307
2.506 	2 	37.183
2.506 	3 	37.5383
2.506 	4 	35.3202
2.506 	5 	33.3442
2.507 	0 	31.9364
2.507 	1 	29.3804
2.507 	2 	24.5628
2.507 	3 	26.1629
2.507 	4 	30.5984
2.507 	5 	30.916
2.508 	0 	30.9376
2.508 	1 	26.443
2.508 	2 	33.3567
2.508 	3 	27.9963
2.508 	4 	30.3943
2.508 	5 	33.9255
2.509 	0 	37.4005
2.509 	1 	35.1613
2.509 	2 	35.1631
2.509 	3 	36.646
2.509 	4 	34.2631
2.509 	5 	36.5586
2.51 	0 	26.8162
2.51 	1 	31.8601
2.51 	2 	33.9256
2.51 	3 	36.7294
2.51 	4 	30.6289
2.51 	5 	31.51
2.511 	0 	39.639
2.511 	1 	35.0016
2.511 	2 	37.5674
2.511 	3 	37.5191
2.511 	4 	35.0264
2.511 	5 	34.8995
2.512 	0 	31.5875
2.512 	1 	28.8516
2.512 	2 	26.9494
2.512 	3 	27.8759
2.512 	4 	30.2363
2.512 	5 	31.7346
2.513 	0 	31.9514
2.513 	1 	22.2385
2.513 	2 	33.9974
2.513 	3 	24.8791
2.513 	4 	30.6358
2.513 	5 	34.644
2.514 	2 	33.2594
2.514 	3 	36.2789
2.514 	4 	31.5626
2.514 	0 	38.0945
2.514 	1 	34.5283
2.514 	5 	36.0266
2.515 	0 	39.0489
2.515 	1 	34.782
2.515 	2 	37.805
2.515 	3 	37.4101
2.515 	4 	34.6729
2.515 	5 	35.7856
2.516 	2 	34.2764
2.516 	0 	31.1922
2.516 	1 	28.328
2.516 	3 	28.7993
2.516 	4 	29.8228
2.516 	5 	32.1838
2.517 	0 	29.6169
2.517 	1 	31.3758
2.517 	2 	32.6131
2.517 	3 	35.8577
2.517 	4 	32.0648
2.517 	5 	32.0739
2.518 	2 	34.4252
2.518 	4 	30.7728
2.518 	5 	35.1359
2.518 	0 	38.5174
2.518 	1 	33.8276
2.518 	3 	36.4615
2.519 	0 	30.8162
2.519 	1 	27.8663
2.519 	2 	28.7994
2.519 	3 	29.3302
2.519 	4 	29.4265
2.519 	5 	32.4287
2.52 	0 	38.0647
2.52 	1 	34.4654
2.52 	2 	38.0237
2.52 	3 	37.1518
2.52 	4 	34.0526
2.52 	5 	36.6176
2.521 	2 	34.5982
2.521 	4 	30.8118
2.521 	5 	35.3443
2.521 	0 	38.7711
2.521 	1 	33.1462
2.521 	3 	36.3566
2.522 	0 	32.7326
2.522 	1 	30.9314
2.522 	2 	31.1075
2.522 	3 	34.9439
2.522 	4 	32.6331
2.522 	5 	32.3151
2.523 	2 	34.6822
2.523 	5 	35.4515
2.523 	0 	38.9134
2.523 	1 	32.5914
2.523 	3 	36.2755
2.523 	4 	28.7556
2.524 	0 	30.0005
2.524 	1 	26.9352
2.524 	2 	29.6252
2.524 	3 	29.9944
2.524 	4 	28.557
2.524 	5 	32.6914
2.525 	2 	34.7425
2.525 	3 	26.39
2.525 	4 	30.8188
2.525 	5 	35.535
2.525 	0 	39.0357
2.525 	1 	31.9285
2.526 	2 	34.7641
2.526 	3 	26.9273
2.526 	0 	34.1604
2.526 	1 	30.504
2.541 	0 	31.909
2.541 	1 	32.7342
2.541 	2 	38.1015
2.541 	3 	33.9183
2.541 	4 	23.9718
2.541 	5 	38.2347
2.542 	0 	39.3669
2.542 	1 	29.1807
2.542 	2 	34.1351
2.542 	3 	35.1156
2.542 	4 	37.3659
2.542 	5 	28.2382
2.543 	0 	37.0798
2.543 	1 	27.3999
2.543 	2 	30.8821
2.543 	4 	32.396
2.543 	5 	32.3431
2.543 	3 	30.884
2.544 	0 	33.3607
2.544 	1 	30.0243
2.544 	2 	34.1864
2.544 	3 	31.1244
2.544 	4 	30.2389
2.544 	5 	35.2489
2.545 	0 	34.9002
2.545 	1 	14.7638
2.545 	2 	30.8887
2.545 	3 	30.8587
2.545 	4 	19.9559
2.545 	5 	32.1503
2.546 	5 	38.3099
2.546 	0 	39.2697
2.546 	1 	31.4207
2.546 	2 	35.2712
2.546 	3 	34.7954
2.546 	4 	37.8416
2.547 	0 	37.4105
2.547 	1 	25.9865
2.547 	2 	32.2568
2.547 	3 	31.6012
2.547 	4 	31.8312
2.547 	5 	32.2042
2.548 	0 	36.2461
2.548 	1 	32.0654
2.548 	2 	30.8588
2.548 	3 	30.7807
2.548 	4 	23.3902
2.548 	5 	31.8474
2.549 	0 	33.0289
2.549 	1 	30.3955
2.549 	2 	33.6587
2.549 	3 	31.5126
2.549 	4 	29.9231
2.549 	5 	34.8339
2.55 	0 	36.9387
2.55 	1 	31.871
2.55 	2 	37.7262
2.55 	3 	34.4548
2.55 	4 	38.1889
2.55 	5 	31.6061
2.551 	0 	37.6573
2.551 	1 	23.7551
2.551 	2 	33.24
2.551 	3 	30.6531
2.551 	4 	25.2409
2.551 	5 	31.4724
2.552 	0 	26.0392
2.552 	1 	19.1388
2.552 	2 	30.7438
2.552 	3 	30.5991
2.581 	3 	35.7824
2.581 	4 	35.2227
2.581 	5 	35.3197
2.581 	0 	33.2647
2.581 	1 	36.3425
2.581 	2 	38.9423
2.582 	1 	30.396
2.582 	4 	24.3101
2.582 	5 	25.9689
2.582 	0 	37.3568
2.582 	2 	35.7163
2.582 	3 	38.2791
2.583 	5 	27.0645
2.583 	0 	31.1916
2.583 	1 	20.6694
2.583 	2 	24.8532
2.583 	3 	22.6697
2.583 	4 	30.3467
2.621 	3 	34.9178
2.621 	5 	36.5328
2.621 	0 	38.6907
2.621 	1 	31.4997
2.621 	2 	35.8343
2.621 	4 	33.7984
2.622 	0 	34.0051
2.622 	2 	34.3689
2.622 	5 	34.7971
2.622 	1 	35.2757
2.622 	3 	37.1788
2.622 	4 	37.0935
2.623 	4 	30.6765
2.623 	5 	36.8261
2.623 	0 	25.8067
2.623 	1 	28.4627
2.623 	2 	30.0287
2.623 	3 	30.1928
2.624 	0 	34.0364
2.661 	3 	33.1393
2.661 	4 	34.351
2.661 	5 	34.971
2.661 	0 	38.6117
2.661 	1 	34.2452
2.661 	2 	37.5576
2.662 	3 	35.0589
2.662 	4 	33.8543
2.662 	5 	26.6416
2.662 	0 	35.7513
2.662 	1 	34.9628
2.662 	2 	35.3147
2.663 	4 	33.8981
2.663 	0 	30.4498
2.663 	1 	30.1373
2.663 	2 	27.5949
2.663 	3 	26.7713
2.701 	0 	34.8068
2.701 	4 	31.9898
2.701 	5 	35.8902
2.701 	1 	28.0012
2.701 	2 	39.1035
2.701 	3 	37.2113
2.702 	5 	34.2209
2.702 	0 	37.5161
2.702 	1 	35.8981
2.702 	2 	32.4579
2.702 	3 	35.6057
2.702 	4 	32.7504
2.703 	0 	28.5599
2.703 	1 	18.2809
2.703 	2 	28.8909
2.703 	3 	29.2514
2.703 	4 	27.644
2.703 	5 	31.1087
2.704 	0 	31.1102
2.704 	1 	33.8993
2.704 	2 	34.0636
2.704 	3 	24.7585
2.704 	4 	33.7317
2.704 	5 	34.3019
2.705 	1 	28.0751
2.705 	5 	35.775
2.705 	0 	34.0691
2.705 	2 	38.8598
2.705 	3 	37.248
2.705 	4 	31.5809
2.706 	0 	37.1057
2.706 	1 	35.6732
2.706 	2 	29.2515
2.706 	3 	29.5382
2.706 	4 	26.9083
2.706 	5 	31.1935
2.707 	2 	34.0992
2.707 	3 	27.9901
2.707 	0 	34.0532
2.707 	1 	26.5526
2.741 	2 	36.5622
2.741 	4 	33.3509
2.741 	5 	37.0519
2.741 	0 	38.2801
2.741 	1 	36.7107
2.741 	3 	34.0985
2.742 	1 	33.8981
2.742 	2 	29.8512
2.742 	3 	35.2679
2.742 	0 	28.6992
2.742 	4 	28.2556
2.742 	5 	27.4181
2.743 	0 	26.0763
2.743 	1 	33.1839
2.743 	2 	28.3071
2.781 	0 	37.5123
2.781 	3 	35.7482
2.781 	1 	37.1755
2.781 	2 	39.2774
2.781 	4 	29.0815
2.781 	5 	29.9986
2.782 	0 	34.5222
2.782 	3 	31.4135
2.782 	4 	31.6939
2.782 	1 	27.912
2.782 	2 	36.0686
2.782 	5 	32.7947
2.783 	0 	29.4443
2.821 	3 	35.7019
2.821 	1 	36.6556
2.821 	4 	26.8385
2.821 	5 	35.9131
2.821 	0 	38.0279
2.821 	2 	37.5226
2.822 	5 	32.6455
2.822 	1 	35.8012
2.822 	4 	31.6505
2.822 	0 	26.2941
2.822 	2 	29.5974
2.822 	3 	29.4155
2.861 	3 	37.1143
2.861 	4 	34.5112
2.861 	1 	36.4401
2.861 	0 	38.3602
2.861 	2 	35.5501
2.861 	5 	38.9676
2.862 	0 	36.5621
2.862 	1 	34.369
2.862 	2 	35.8027
2.862 	3 	35.4819
2.862 	4 	33.1629
2.862 	5 	37.6628
2.863 	0 	29.9048
2.863 	1 	30.3474
2.863 	2 	22.1831
2.863 	3 	24.154
2.863 	4 	29.3366
2.863 	5 	28.3372
2.864 	0 	26.725
2.864 	1 	36.2058
2.864 	2 	33.495
2.864 	3 	29.5355
2.864 	4 	25.2734
2.864 	5 	35.5825
2.865 	2 	32.7461
2.865 	3 	36.9095
2.865 	4 	34.8023
2.865 	5 	31.7887
2.865 	0 	38.087
2.865 	1 	30.1779
2.866 	2 	35.5375
2.866 	3 	35.5058
2.866 	0 	29.7335
2.866 	1 	30.286
2.866 	4 	29.1572
2.866 	5 	28.8641
2.867 	5 	35.9001
2.867 	0 	37.9271
2.867 	1 	29.8037
2.867 	2 	36.6995
2.867 	3 	28.8431
2.867 	4 	31.7978
2.868 	1 	24.814
2.868 	2 	33.103
2.868 	3 	36.7098
2.868 	4 	34.9736
2.868 	5 	32.2724
2.868 	0 	36.615
2.869 	1 	35.6882
2.869 	2 	33.1675
2.869 	3 	26.8479
2.869 	0 	29.5056
2.869 	4 	28.9194
2.869 	5 	29.2869
2.87 	0 	36.5882
4.501 	0 	28.7054
4.501 	1 	25.188
4.501 	2 	23.5782
4.501 	3 	34.9601
4.501 	4 	33.2374
4.501 	5 	20.2592
4.502 	3 	34.9278
4.502 	0 	22.6166
4.502 	1 	19.8055
4.502 	2 	15.9968
4.502 	4 	16.5401
4.502 	5 	17.3918
4.503 	1 	26.7766
4.503 	2 	23.7253
4.503 	3 	34.8915
4.503 	4 	33.1799
4.503 	5 	22.6987
4.503 	0 	22.6307
4.504 	3 	34.8511
4.504 	0 	22.6411
4.504 	1 	19.6725
4.504 	2 	16.6189
4.504 	4 	16.5314
4.504 	5 	17.311
4.505 	1 	27.9175
4.505 	2 	23.7611
4.505 	3 	34.8065
4.505 	4 	33.1111
4.505 	5 	24.2168
4.505 	0 	22.648
4.506 	3 	34.7575
4.506 	0 	22.6512
4.506 	1 	19.5136
4.506 	2 	17.1607
4.506 	4 	16.511
4.506 	5 	17.1995
4.507 	2 	23.6845
4.507 	3 	34.7041
4.507 	4 	33.0302
4.507 	5 	25.3074
4.507 	0 	22.6508
4.507 	1 	19.4238
4.508 	3 	34.6461
4.508 	4 	32.9851
4.508 	0 	22.6467
4.508 	1 	19.3268
4.508 	2 	17.6382
4.508 	5 	17.0548
4.509 	1 	29.513
4.509 	2 	23.4861
4.509 	3 	34.5833
4.509 	4 	32.9368
4.509 	5 	26.1478
4.509 	0 	22.6391
4.51 	3 	34.5156
4.51 	0 	22.6278
4.51 	1 	19.1098
4.51 	2 	18.0626
4.51 	4 	16.4368
4.51 	5 	16.874
4.511 	1 	30.1048
4.511 	3 	34.4427
4.511 	4 	32.8302
4.511 	5 	26.8221
4.511 	0 	22.6128
4.511 	2 	18.2577
4.512 	3 	34.3645
4.512 	0 	22.5942
4.512 	1 	18.8594
4.512 	2 	18.4424
4.512 	4 	16.3833
4.512 	5 	16.6532
4.513 	0 	22.5718
4.513 	1 	18.7206
4.513 	2 	18.6175
4.513 	3 	13.5253
4.513 	4 	16.3526
4.513 	5 	16.5261
4.514 	0 	22.5456
4.514 	1 	18.5718
4.514 	2 	18.7836
4.514 	3 	13.7777
4.514 	4 	16.3193
4.514 	5 	16.3869
4.515 	0 	22.5157
4.515 	1 	18.4125
4.515 	2 	18.9414
4.515 	3 	14.009
4.515 	4 	16.2833
4.515 	5 	16.2346
4.516 	0 	22.4819
4.516 	1 	18.2417
4.516 	2 	19.0912
4.516 	3 	14.2217
4.516 	4 	16.2447
4.516 	5 	16.068
4.517 	0 	22.4442
4.517 	1 	18.0587
4.541 	0 	34.6243
4.541 	1 	33.1408
4.541 	2 	29.0036
4.541 	3 	25.6872
4.541 	4 	28.5224
4.541 	5 	29.8008
4.542 	0 	19.8013
4.542 	1 	12.7317
4.542 	2 	21.0764
4.542 	3 	16.4919
4.542 	4 	14.1726
4.542 	5 	13.6287
4.543 	0 	34.728
4.543 	1 	33.1272
4.543 	4 	27.8485
4.543 	5 	29.751
4.543 	2 	21.0968
4.543 	3 	16.5083
4.544 	1 	33.1124
4.544 	4 	27.465
4.544 	5 	29.717
4.544 	0 	19.3656
4.544 	2 	21.1136
4.544 	3 	16.5213
4.545 	0 	19.1249
4.545 	1 	14.5914
4.545 	2 	21.1269
4.545 	3 	16.5309
4.545 	4 	13.7476
4.545 	5 	15.0631
4.546 	0 	18.8667
4.546 	1 	15.0581
4.546 	2 	21.1367
4.546 	3 	16.5373
4.546 	4 	13.592
4.546 	5 	15.4546
4.547 	0 	18.5887
4.547 	1 	15.474
4.547 	2 	21.143
4.547 	3 	16.5406
4.581 	0 	33.9949
4.581 	1 	25.7213
4.581 	2 	34.6787
4.581 	3 	35.2671
4.581 	4 	11.1985
4.581 	5 	20.7757
4.582 	0 	19.8054
4.582 	1 	19.8102
4.582 	2 	18.9006
4.582 	3 	14.8717
4.582 	4 	11.5869
4.582 	5 	20.816
4.583 	0 	19.9774
4.621 	0 	30.8237
4.621 	1 	32.418
4.621 	2 	33.8869
4.621 	3 	35.1612
4.621 	4 	18.329
4.621 	5 	18.8479
4.622 	0 	21.8691
4.622 	1 	11.515
4.622 	2 	15.3667
4.622 	3 	8.56558
4.622 	4 	18.4148
4.622 	5 	18.6617
4.623 	0 	21.833
4.661 	0 	35.9467
4.661 	1 	28.8354
4.661 	2 	31.1815
4.661 	3 	17.7606
4.661 	4 	20.0429
4.661 	5 	18.8533
4.662 	0 	15.112
4.662 	1 	19.1369
4.662 	2 	16.939
4.701 	0 	33.1318
4.701 	1 	32.1421
4.701 	2 	35.9616
4.701 	3 	35.2877
4.701 	4 	34.0059
4.701 	5 	35.0553
4.702 	0 	19.7519
4.702 	1 	15.1497
4.702 	2 	13.178
4.702 	3 	20.0182
4.702 	4 	17.2864
4.702 	5 	20.6558
4.703 	1 	32.3419
4.703 	0 	19.8278
4.703 	2 	13.4978
4.703 	3 	20.0278
4.703 	4 	17.107
4.703 	5 	20.5802
4.704 	0 	19.8983
4.704 	1 	14.3091
4.704 	2 	13.7881
4.704 	3 	20.0352
4.704 	4 	16.9172
4.741 	0 	33.1361
4.741 	1 	32.0368
4.741 	2 	32.9218
4.741 	3 	18.306
4.741 	4 	15.3133
4.741 	5 	16.2123
4.742 	0 	19.5945
4.742 	1 	18.9178
4.742 	2 	16.0579
4.781 	0 	35.2002
4.781 	1 	27.0047
4.781 	2 	33.309
4.781 	3 	13.536
4.781 	4 	16.3905
4.781 	5 	22.9305
4.782 	0 	9.16219
4.782 	1 	18.5957
4.782 	2 	6.26952
4.782 	3 	13.9086
4.782 	4 	16.2382
4.782 	5 	22.9604
4.821 	0 	28.4434
4.821 	1 	29.205
4.821 	2 	35.1649
4.821 	3 	17.059
4.821 	4 	17.7252
4.821 	5 	20.9788
4.822 	0 	16.276
4.861 	0 	33.0836
4.861 	1 	31.5919
4.861 	2 	27.874
4.861 	3 	29.4011
4.861 	4 	35.1055
4.861 	5 	18.9553
4.862 	0 	15.4984
4.862 	1 	15.6963
4.862 	2 	20.5751
4.862 	3 	16.4586
4.862 	4 	20.9793
4.862 	5 	19.1841
4.863 	0 	33.23
4.863 	1 	31.9518
4.863 	2 	26.4465
4.863 	3 	28.8952
4.863 	4 	35.3145
4.863 	5 	25.9395
4.864 	0 	15.3382
4.864 	1 	15.2789
4.864 	2 	20.7494
4.864 	3 	17.0143
4.864 	4 	20.9434
4.864 	5 	19.593
4.865 	0 	15.2531
4.865 	1 	15.0368
4.865 	2 	20.831
4.865 	3 	17.2661
4.865 	4 	20.9192
4.865 	5 	19.7761
4.866 	0 	15.1644
4.866 	1 	14.7686
4.866 	2 	20.9088
4.866 	3 	17.5028
4.866 	4 	20.8906
4.866 	5 	19.9467
4.867 	0 	15.072
4.867 	1 	14.4703
4.867 	2 	20.9831
4.867 	3 	17.7258
4.867 	4 	20.8576
4.867 	5 	20.1057
4.868 	0 	14.9758
